0.00250211 0.03450344 0.00000000
0.00259976 0.03499505 0.00000000
0.00274274 0.03548018 0.00000000
0.00291454 0.03595771 0.00000000
0.00310249 0.03642676 0.00000000
0.00330589 0.03688729 0.00000000
0.00352634 0.03733943 0.00000000
0.00376445 0.03778328 0.00000000
0.00401846 0.03821888 0.00000000
0.00428621 0.03864628 0.00000000
0.00456618 0.03906545 0.00000000
0.00485802 0.03947623 0.00000000
0.00516152 0.03987843 0.00000000
0.00547630 0.04027196 0.00000000
0.00580172 0.04065681 0.00000000
0.00613712 0.04103297 0.00000000
0.00648188 0.04140053 0.00000000
0.00683537 0.04175967 0.00000000
0.00719703 0.04211058 0.00000000
0.00756623 0.04245352 0.00000000
0.00794240 0.04278882 0.00000000
0.00832494 0.04311682 0.00000000
0.00871330 0.04343788 0.00000000
0.00910695 0.04375243 0.00000000
0.00950539 0.04406087 0.00000000
0.00990811 0.04436368 0.00000000
0.01031462 0.04466141 0.00000000
0.01072443 0.04495456 0.00000000
0.01113723 0.04524346 0.00000000
0.01155282 0.04552835 0.00000000
0.01197098 0.04580945 0.00000000
0.01239161 0.04608682 0.00000000
0.01281469 0.04636046 0.00000000
0.01324015 0.04663037 0.00000000
0.01366792 0.04689661 0.00000000
0.01409793 0.04715921 0.00000000
0.01453010 0.04741825 0.00000000
0.01496436 0.04767376 0.00000000
0.01540065 0.04792579 0.00000000
0.01583890 0.04817439 0.00000000
0.01627906 0.04841961 0.00000000
0.01672124 0.04866159 0.00000000
0.01716633 0.04890089 0.00000000
0.01761538 0.04913810 0.00000000
0.01806941 0.04937378 0.00000000
0.01852944 0.04960843 0.00000000
0.01899646 0.04984250 0.00000000
0.01947144 0.05007643 0.00000000
0.01995531 0.05031058 0.00000000
0.02044899 0.05054530 0.00000000
0.02095337 0.05078088 0.00000000
0.02146932 0.05101759 0.00000000
0.02199766 0.05125567 0.00000000
0.02253920 0.05149529 0.00000000
0.02309471 0.05173659 0.00000000
0.02366496 0.05197967 0.00000000
0.02425067 0.05222459 0.00000000
0.02485252 0.05247138 0.00000000
0.02547118 0.05272005 0.00000000
0.02610725 0.05297058 0.00000000
0.02676132 0.05322291 0.00000000
0.02743394 0.05347699 0.00000000
0.02812561 0.05373271 0.00000000
0.02883679 0.05398997 0.00000000
0.02956780 0.05424861 0.00000000
0.03031883 0.05450842 0.00000000
0.03108994 0.05476917 0.00000000
0.03188103 0.05503059 0.00000000
0.03269188 0.05529239 0.00000000
0.03352209 0.05555424 0.00000000
0.03437114 0.05581582 0.00000000
0.03523836 0.05607680 0.00000000
0.03612291 0.05633684 0.00000000
0.03702382 0.05659561 0.00000000
0.03793999 0.05685271 0.00000000
0.03887018 0.05710771 0.00000000
0.03981300 0.05736012 0.00000000
0.04076695 0.05760944 0.00000000
0.04173034 0.05785516 0.00000000
0.04270137 0.05809679 0.00000000
0.04367804 0.05833386 0.00000000
0.04465826 0.05856593 0.00000000
0.04564012 0.05879262 0.00000000
0.04662321 0.05901396 0.00000000
0.04760746 0.05923004 0.00000000
0.04859283 0.05944098 0.00000000
0.04957926 0.05964688 0.00000000
0.05056672 0.05984784 0.00000000
0.05155514 0.06004397 0.00000000
0.05254449 0.06023538 0.00000000
0.05353472 0.06042216 0.00000000
0.05452579 0.06060442 0.00000000
0.05551767 0.06078228 0.00000000
0.05651030 0.06095584 0.00000000
0.05750367 0.06112518 0.00000000
0.05849773 0.06129038 0.00000000
0.05949245 0.06145151 0.00000000
0.06048783 0.06160861 0.00000000
0.06148381 0.06176176 0.00000000
0.06248039 0.06191101 0.00000000
0.06347754 0.06205643 0.00000000
0.06447522 0.06219808 0.00000000
0.06547343 0.06233603 0.00000000
0.06647213 0.06247033 0.00000000
0.06747131 0.06260105 0.00000000
0.06847095 0.06272825 0.00000000
0.06947101 0.06285199 0.00000000
0.07047149 0.06297234 0.00000000
0.07147237 0.06308937 0.00000000
0.07247362 0.06320313 0.00000000
0.07347523 0.06331368 0.00000000
0.07447718 0.06342110 0.00000000
0.07547945 0.06352545 0.00000000
0.07648204 0.06362678 0.00000000
0.07748491 0.06372516 0.00000000
0.07848807 0.06382066 0.00000000
0.07949149 0.06391334 0.00000000
0.08049516 0.06400326 0.00000000
0.08149907 0.06409046 0.00000000
0.08250321 0.06417497 0.00000000
0.08350758 0.06425682 0.00000000
0.08451215 0.06433605 0.00000000
0.08551692 0.06441267 0.00000000
0.08652189 0.06448673 0.00000000
0.08752704 0.06455826 0.00000000
0.08853236 0.06462728 0.00000000
0.08953785 0.06469382 0.00000000
0.09054351 0.06475792 0.00000000
0.09154931 0.06481961 0.00000000
0.09255525 0.06487892 0.00000000
0.09356133 0.06493587 0.00000000
0.09456754 0.06499051 0.00000000
0.09557387 0.06504286 0.00000000
0.09658032 0.06509295 0.00000000
0.09758687 0.06514082 0.00000000
0.09859352 0.06518648 0.00000000
0.09960028 0.06522999 0.00000000
0.10060712 0.06527136 0.00000000
0.10161404 0.06531062 0.00000000
0.10262105 0.06534782 0.00000000
0.10362812 0.06538298 0.00000000
0.10463527 0.06541613 0.00000000
0.10564248 0.06544730 0.00000000
0.10664974 0.06547653 0.00000000
0.10765706 0.06550383 0.00000000
0.10866443 0.06552923 0.00000000
0.10967185 0.06555275 0.00000000
0.11067931 0.06557442 0.00000000
0.11168680 0.06559425 0.00000000
0.11269433 0.06561225 0.00000000
0.11370189 0.06562844 0.00000000
0.11470948 0.06564284 0.00000000
0.11571709 0.06565547 0.00000000
0.11672472 0.06566634 0.00000000
0.11773237 0.06567547 0.00000000
0.11874004 0.06568287 0.00000000
0.11974771 0.06568857 0.00000000
0.12075539 0.06569259 0.00000000
0.12176308 0.06569493 0.00000000
0.12277077 0.06569562 0.00000000
0.12377846 0.06569468 0.00000000
0.12478614 0.06569211 0.00000000
0.12579383 0.06568795 0.00000000
0.12680150 0.06568220 0.00000000
0.12780916 0.06567489 0.00000000
0.12881681 0.06566602 0.00000000
0.12982445 0.06565563 0.00000000
0.13083207 0.06564372 0.00000000
0.13183967 0.06563031 0.00000000
0.13284725 0.06561542 0.00000000
0.13385481 0.06559907 0.00000000
0.13486234 0.06558128 0.00000000
0.13586985 0.06556206 0.00000000
0.13687733 0.06554142 0.00000000
0.13788477 0.06551940 0.00000000
0.13889219 0.06549599 0.00000000
0.13989958 0.06547122 0.00000000
0.14090693 0.06544510 0.00000000
0.14191424 0.06541764 0.00000000
0.14292152 0.06538885 0.00000000
0.14392876 0.06535874 0.00000000
0.14493596 0.06532731 0.00000000
0.14594312 0.06529460 0.00000000
0.14695023 0.06526059 0.00000000
0.14795731 0.06522531 0.00000000
0.14896433 0.06518877 0.00000000
0.14997131 0.06515098 0.00000000
0.15097825 0.06511194 0.00000000
0.15198513 0.06507168 0.00000000
0.15299197 0.06503019 0.00000000
0.15399875 0.06498750 0.00000000
0.15500548 0.06494361 0.00000000
0.15601217 0.06489854 0.00000000
0.15701879 0.06485230 0.00000000
0.15802537 0.06480489 0.00000000
0.15903188 0.06475633 0.00000000
0.16003835 0.06470663 0.00000000
0.16104475 0.06465580 0.00000000
0.16205110 0.06460386 0.00000000
0.16305740 0.06455080 0.00000000
0.16406363 0.06449666 0.00000000
0.16506980 0.06444142 0.00000000
0.16607592 0.06438512 0.00000000
0.16708197 0.06432775 0.00000000
0.16808797 0.06426934 0.00000000
0.16909390 0.06420988 0.00000000
0.17009977 0.06414939 0.00000000
0.17110602 0.06408787 0.00000000
0.17211480 0.06402517 0.00000000
0.17312867 0.06396114 0.00000000
0.17415015 0.06389562 0.00000000
0.17518172 0.06382841 0.00000000
0.17622581 0.06375935 0.00000000
0.17728483 0.06368822 0.00000000
0.17836112 0.06361484 0.00000000
0.17945701 0.06353900 0.00000000
0.18057476 0.06346047 0.00000000
0.18171661 0.06337904 0.00000000
0.18288476 0.06329449 0.00000000
0.18408136 0.06320657 0.00000000
0.18530852 0.06311504 0.00000000
0.18656831 0.06301966 0.00000000
0.18786277 0.06292016 0.00000000
0.18919388 0.06281628 0.00000000
0.19056360 0.06270774 0.00000000
0.19197382 0.06259428 0.00000000
0.19342643 0.06247560 0.00000000
0.19492325 0.06235140 0.00000000
0.19646606 0.06222139 0.00000000
0.19805661 0.06208525 0.00000000
0.19969660 0.06194267 0.00000000
0.20138769 0.06179332 0.00000000
0.20313135 0.06163688 0.00000000
0.20492868 0.06147307 0.00000000
0.20678038 0.06130161 0.00000000
0.20868676 0.06112229 0.00000000
0.21064773 0.06093489 0.00000000
0.21266280 0.06073927 0.00000000
0.21473110 0.06053530 0.00000000
0.21685133 0.06032290 0.00000000
0.21902184 0.06010203 0.00000000
0.22124054 0.05987271 0.00000000
0.22350497 0.05963501 0.00000000
0.22581229 0.05938906 0.00000000
0.22815923 0.05913506 0.00000000
0.23054215 0.05887327 0.00000000
0.23295701 0.05860403 0.00000000
0.23539940 0.05832773 0.00000000
0.23786447 0.05804486 0.00000000
0.24034704 0.05775597 0.00000000
0.24284148 0.05746172 0.00000000
0.24534181 0.05716284 0.00000000
0.24784276 0.05685999 0.00000000
0.25034325 0.05655338 0.00000000
0.25284329 0.05624307 0.00000000
0.25534287 0.05592910 0.00000000
0.25784199 0.05561154 0.00000000
0.26034066 0.05529043 0.00000000
0.26283888 0.05496582 0.00000000
0.26533665 0.05463774 0.00000000
0.26783397 0.05430626 0.00000000
0.27033083 0.05397141 0.00000000
0.27282725 0.05363324 0.00000000
0.27532323 0.05329180 0.00000000
0.27781876 0.05294714 0.00000000
0.28031385 0.05259929 0.00000000
0.28280850 0.05224832 0.00000000
0.28530272 0.05189426 0.00000000
0.28779650 0.05153716 0.00000000
0.29028985 0.05117707 0.00000000
0.29278278 0.05081403 0.00000000
0.29527528 0.05044810 0.00000000
0.29776736 0.05007931 0.00000000
0.30025902 0.04970769 0.00000000
0.30275026 0.04933327 0.00000000
0.30524108 0.04895608 0.00000000
0.30773149 0.04857615 0.00000000
0.31022148 0.04819351 0.00000000
0.31271106 0.04780818 0.00000000
0.31520022 0.04742020 0.00000000
0.31768897 0.04702958 0.00000000
0.32017732 0.04663636 0.00000000
0.32266525 0.04624057 0.00000000
0.32515278 0.04584223 0.00000000
0.32763990 0.04544137 0.00000000
0.33012662 0.04503802 0.00000000
0.33261294 0.04463221 0.00000000
0.33509886 0.04422397 0.00000000
0.33758439 0.04381332 0.00000000
0.34006952 0.04340029 0.00000000
0.34255426 0.04298491 0.00000000
0.34503861 0.04256720 0.00000000
0.34752257 0.04214721 0.00000000
0.35000615 0.04172494 0.00000000
0.35248935 0.04130045 0.00000000
0.35497217 0.04087374 0.00000000
0.35745461 0.04044485 0.00000000
0.35993668 0.04001382 0.00000000
0.36241838 0.03958066 0.00000000
0.36489972 0.03914541 0.00000000
0.36738069 0.03870809 0.00000000
0.36986130 0.03826874 0.00000000
0.37234156 0.03782738 0.00000000
0.37482146 0.03738404 0.00000000
0.37730101 0.03693875 0.00000000
0.37978022 0.03649154 0.00000000
0.38225909 0.03604243 0.00000000
0.38473761 0.03559146 0.00000000
0.38721580 0.03513865 0.00000000
0.38969366 0.03468403 0.00000000
0.39217119 0.03422763 0.00000000
0.39464840 0.03376945 0.00000000
0.39712528 0.03330951 0.00000000
0.39960183 0.03284783 0.00000000
0.40207806 0.03238440 0.00000000
0.40455396 0.03191925 0.00000000
0.40702954 0.03145238 0.00000000
0.40950480 0.03098381 0.00000000
0.41197974 0.03051355 0.00000000
0.41445436 0.03004162 0.00000000
0.41692866 0.02956802 0.00000000
0.41940265 0.02909276 0.00000000
0.42187631 0.02861587 0.00000000
0.42434967 0.02813734 0.00000000
0.42682271 0.02765720 0.00000000
0.42929544 0.02717546 0.00000000
0.43176786 0.02669212 0.00000000
0.43423996 0.02620719 0.00000000
0.43671176 0.02572070 0.00000000
0.43918325 0.02523265 0.00000000
0.44165444 0.02474306 0.00000000
0.44412533 0.02425196 0.00000000
0.44659592 0.02375936 0.00000000
0.44906621 0.02326528 0.00000000
0.45153622 0.02276975 0.00000000
0.45400593 0.02227279 0.00000000
0.45647536 0.02177441 0.00000000
0.45894451 0.02127466 0.00000000
0.46141339 0.02077353 0.00000000
0.46388199 0.02027107 0.00000000
0.46635032 0.01976728 0.00000000
0.46881839 0.01926219 0.00000000
0.47128619 0.01875582 0.00000000
0.47375374 0.01824819 0.00000000
0.47622103 0.01773933 0.00000000
0.47868807 0.01722926 0.00000000
0.48115486 0.01671799 0.00000000
0.48362142 0.01620556 0.00000000
0.48608773 0.01569199 0.00000000
0.48855381 0.01517728 0.00000000
0.49101965 0.01466146 0.00000000
0.49348527 0.01414453 0.00000000
0.49595065 0.01362650 0.00000000
0.49841580 0.01310737 0.00000000
0.50088072 0.01258716 0.00000000
0.50334541 0.01206585 0.00000000
0.50580987 0.01154345 0.00000000
0.50827410 0.01101996 0.00000000
0.51073810 0.01049539 0.00000000
0.51320187 0.00996975 0.00000000
0.51566541 0.00944303 0.00000000
0.51812873 0.00891524 0.00000000
0.52059181 0.00838639 0.00000000
0.52305466 0.00785647 0.00000000
0.52551729 0.00732549 0.00000000
0.52797968 0.00679345 0.00000000
0.53044185 0.00626036 0.00000000
0.53290380 0.00572621 0.00000000
0.53536551 0.00519102 0.00000000
0.53782700 0.00465479 0.00000000
0.54028826 0.00411752 0.00000000
0.54274929 0.00357922 0.00000000
0.54521011 0.00303990 0.00000000
0.54767070 0.00249958 0.00000000
0.55013107 0.00195825 0.00000000
0.55259123 0.00141595 0.00000000
0.55505117 0.00087267 0.00000000
0.55751090 0.00032844 0.00000000
0.55997042 -0.00021675 0.00000000
0.56242973 -0.00076287 0.00000000
0.56488884 -0.00130992 0.00000000
0.56734774 -0.00185788 0.00000000
0.56980644 -0.00240674 0.00000000
0.57226495 -0.00295649 0.00000000
0.57472325 -0.00350712 0.00000000
0.57718137 -0.00405861 0.00000000
0.57963929 -0.00461096 0.00000000
0.58209702 -0.00516415 0.00000000
0.58455456 -0.00571818 0.00000000
0.58701192 -0.00627302 0.00000000
0.58946910 -0.00682868 0.00000000
0.59192609 -0.00738513 0.00000000
0.59438291 -0.00794236 0.00000000
0.59683955 -0.00850038 0.00000000
0.59929602 -0.00905917 0.00000000
0.60175231 -0.00961871 0.00000000
0.60420843 -0.01017901 0.00000000
0.60666438 -0.01074005 0.00000000
0.60912016 -0.01130182 0.00000000
0.61157578 -0.01186432 0.00000000
0.61403124 -0.01242753 0.00000000
0.61648653 -0.01299145 0.00000000
0.61894166 -0.01355606 0.00000000
0.62139664 -0.01412136 0.00000000
0.62385146 -0.01468734 0.00000000
0.62630612 -0.01525398 0.00000000
0.62876063 -0.01582129 0.00000000
0.63121499 -0.01638924 0.00000000
0.63366921 -0.01695784 0.00000000
0.63612328 -0.01752707 0.00000000
0.63857720 -0.01809692 0.00000000
0.64103098 -0.01866738 0.00000000
0.64348462 -0.01923845 0.00000000
0.64593811 -0.01981013 0.00000000
0.64839147 -0.02038239 0.00000000
0.65084470 -0.02095524 0.00000000
0.65329779 -0.02152867 0.00000000
0.65575074 -0.02210267 0.00000000
0.65820356 -0.02267723 0.00000000
0.66065626 -0.02325236 0.00000000
0.66310882 -0.02382803 0.00000000
0.66556125 -0.02440425 0.00000000
0.66801356 -0.02498101 0.00000000
0.67046575 -0.02555829 0.00000000
0.67291781 -0.02613610 0.00000000
0.67536975 -0.02671442 0.00000000
0.67782156 -0.02729326 0.00000000
0.68027326 -0.02787259 0.00000000
0.68272485 -0.02845242 0.00000000
0.68517632 -0.02903274 0.00000000
0.68762767 -0.02961354 0.00000000
0.69007891 -0.03019481 0.00000000
0.69253004 -0.03077654 0.00000000
0.69498107 -0.03135872 0.00000000
0.69743200 -0.03194132 0.00000000
0.69988282 -0.03252435 0.00000000
0.70233355 -0.03310777 0.00000000
0.70478419 -0.03369159 0.00000000
0.70723474 -0.03427579 0.00000000
0.70968520 -0.03486034 0.00000000
0.71213558 -0.03544525 0.00000000
0.71458587 -0.03603048 0.00000000
0.71703609 -0.03661605 0.00000000
0.71948624 -0.03720192 0.00000000
0.72193632 -0.03778808 0.00000000
0.72438633 -0.03837452 0.00000000
0.72683627 -0.03896123 0.00000000
0.72928616 -0.03954819 0.00000000
0.73173599 -0.04013539 0.00000000
0.73418576 -0.04072282 0.00000000
0.73663548 -0.04131047 0.00000000
0.73908515 -0.04189834 0.00000000
0.74153476 -0.04248644 0.00000000
0.74398432 -0.04307478 0.00000000
0.74643381 -0.04366337 0.00000000
0.74888325 -0.04425221 0.00000000
0.75133262 -0.04484131 0.00000000
0.75378193 -0.04543068 0.00000000
0.75623117 -0.04602033 0.00000000
0.75868034 -0.04661026 0.00000000
0.76112944 -0.04720048 0.00000000
0.76357847 -0.04779100 0.00000000
0.76602743 -0.04838182 0.00000000
0.76847631 -0.04897296 0.00000000
0.77092512 -0.04956441 0.00000000
0.77337384 -0.05015620 0.00000000
0.77582248 -0.05074832 0.00000000
0.77827105 -0.05134078 0.00000000
0.78071953 -0.05193358 0.00000000
0.78316792 -0.05252672 0.00000000
0.78561624 -0.05312017 0.00000000
0.78806449 -0.05371393 0.00000000
0.79051267 -0.05430798 0.00000000
0.79296078 -0.05490231 0.00000000
0.79540882 -0.05549690 0.00000000
0.79785681 -0.05609175 0.00000000
0.80030473 -0.05668683 0.00000000
0.80275260 -0.05728213 0.00000000
0.80520043 -0.05787764 0.00000000
0.80764820 -0.05847335 0.00000000
0.81009593 -0.05906924 0.00000000
0.81254362 -0.05966530 0.00000000
0.81499127 -0.06026151 0.00000000
0.81743888 -0.06085786 0.00000000
0.81988647 -0.06145434 0.00000000
0.82233402 -0.06205095 0.00000000
0.82478155 -0.06264768 0.00000000
0.82722904 -0.06324456 0.00000000
0.82967649 -0.06384158 0.00000000
0.83212390 -0.06443877 0.00000000
0.83457127 -0.06503613 0.00000000
0.83701860 -0.06563368 0.00000000
0.83946576 -0.06623139 0.00000000
0.84191236 -0.06682919 0.00000000
0.84435782 -0.06742693 0.00000000
0.84680154 -0.06802448 0.00000000
0.84924293 -0.06862172 0.00000000
0.85168136 -0.06921849 0.00000000
0.85411620 -0.06981466 0.00000000
0.85654676 -0.07041006 0.00000000
0.85897238 -0.07100453 0.00000000
0.86139234 -0.07159791 0.00000000
0.86380592 -0.07219001 0.00000000
0.86621237 -0.07278064 0.00000000
0.86861093 -0.07336960 0.00000000
0.87100080 -0.07395668 0.00000000
0.87338119 -0.07454169 0.00000000
0.87575126 -0.07512441 0.00000000
0.87811016 -0.07570463 0.00000000
0.88045702 -0.07628211 0.00000000
0.88279095 -0.07685664 0.00000000
0.88511102 -0.07742797 0.00000000
0.88741632 -0.07799588 0.00000000
0.88970588 -0.07856011 0.00000000
0.89197872 -0.07912041 0.00000000
0.89423384 -0.07967657 0.00000000
0.89647022 -0.08022836 0.00000000
0.89868679 -0.08077556 0.00000000
0.90088249 -0.08131797 0.00000000
0.90305622 -0.08185535 0.00000000
0.90520686 -0.08238746 0.00000000
0.90733329 -0.08291405 0.00000000
0.90943434 -0.08343488 0.00000000
0.91150885 -0.08394967 0.00000000
0.91355563 -0.08445814 0.00000000
0.91557344 -0.08496003 0.00000000
0.91756107 -0.08545502 0.00000000
0.91951726 -0.08594282 0.00000000
0.92144074 -0.08642311 0.00000000
0.92333020 -0.08689559 0.00000000
0.92518433 -0.08735992 0.00000000
0.92700179 -0.08781579 0.00000000
0.92878123 -0.08826285 0.00000000
0.93052126 -0.08870076 0.00000000
0.93222050 -0.08912914 0.00000000
0.93387753 -0.08954764 0.00000000
0.93549099 -0.08995588 0.00000000
0.93705968 -0.09035353 0.00000000
0.93858255 -0.09074028 0.00000000
0.94005874 -0.09111589 0.00000000
0.94148754 -0.09148012 0.00000000
0.94286841 -0.09183281 0.00000000
0.94420098 -0.09217379 0.00000000
0.94548505 -0.09250297 0.00000000
0.94672057 -0.09282029 0.00000000
0.94790766 -0.09312572 0.00000000
0.94904663 -0.09341928 0.00000000
0.95013793 -0.09370104 0.00000000
0.95118219 -0.09397109 0.00000000
0.95218018 -0.09422960 0.00000000
0.95313287 -0.09447676 0.00000000
0.95404137 -0.09471281 0.00000000
0.95490696 -0.09493803 0.00000000
0.95573109 -0.09515277 0.00000000
0.95651537 -0.09535739 0.00000000
0.95726158 -0.09555234 0.00000000
0.95797165 -0.09573807 0.00000000
0.95864770 -0.09591511 0.00000000
0.95929200 -0.09608403 0.00000000
0.95990697 -0.09624544 0.00000000
0.96049522 -0.09639999 0.00000000
0.96105950 -0.09654840 0.00000000
0.96160276 -0.09669142 0.00000000
0.96212807 -0.09682985 0.00000000
0.96263870 -0.09696453 0.00000000
0.96313806 -0.09709636 0.00000000
0.96362974 -0.09722628 0.00000000
0.96411750 -0.09735528 0.00000000
0.96460453 -0.09748420 0.00000000
0.96509146 -0.09761321 0.00000000
0.96557813 -0.09774227 0.00000000
0.96606442 -0.09787134 0.00000000
0.96655016 -0.09800036 0.00000000
0.96703515 -0.09812927 0.00000000
0.96751918 -0.09825799 0.00000000
0.96800202 -0.09838643 0.00000000
0.96848342 -0.09851452 0.00000000
0.96896308 -0.09864215 0.00000000
0.96944070 -0.09876921 0.00000000
0.96991595 -0.09889562 0.00000000
0.97038846 -0.09902124 0.00000000
0.97085787 -0.09914597 0.00000000
0.97132377 -0.09926968 0.00000000
0.97178572 -0.09939224 0.00000000
0.97224327 -0.09951352 0.00000000
0.97269595 -0.09963337 0.00000000
0.97314325 -0.09975166 0.00000000
0.97358464 -0.09986823 0.00000000
0.97401959 -0.09998294 0.00000000
0.97444750 -0.10009561 0.00000000
0.97486778 -0.10020610 0.00000000
0.97527980 -0.10031422 0.00000000
0.97568291 -0.10041983 0.00000000
0.97607645 -0.10052272 0.00000000
0.97645970 -0.10062274 0.00000000
0.97683195 -0.10071970 0.00000000
0.97719244 -0.10081341 0.00000000
0.97754041 -0.10090368 0.00000000
0.97787507 -0.10099031 0.00000000
0.97819571 -0.10107316 0.00000000
0.97850176 -0.10115207 0.00000000
0.97879277 -0.10122696 0.00000000
0.97906844 -0.10129776 0.00000000
0.97932859 -0.10136445 0.00000000
0.97957319 -0.10142704 0.00000000
0.97980232 -0.10148558 0.00000000
0.98001622 -0.10154013 0.00000000
0.98021525 -0.10159080 0.00000000
0.98039991 -0.10163775 0.00000000
0.98057084 -0.10168114 0.00000000
0.98072880 -0.10172119 0.00000000
0.98087469 -0.10175815 0.00000000
0.98100955 -0.10179227 0.00000000
0.98113456 -0.10182388 0.00000000
0.98125102 -0.10185331 0.00000000
0.98136038 -0.10188092 0.00000000
0.98146421 -0.10190713 0.00000000
0.98156423 -0.10193235 0.00000000
0.98166227 -0.10195708 0.00000000
0.98175992 -0.10198169 0.00000000
0.98185687 -0.10200612 0.00000000
0.98195257 -0.10203022 0.00000000
0.98204648 -0.10205387 0.00000000
0.98213812 -0.10207693 0.00000000
0.98222707 -0.10209931 0.00000000
0.98231298 -0.10212093 0.00000000
0.98239553 -0.10214170 0.00000000
0.98247455 -0.10216158 0.00000000
0.98255004 -0.10218058 0.00000000
0.98262225 -0.10219872 0.00000000
0.98269167 -0.10221615 0.00000000
0.98275899 -0.10223308 0.00000000
0.98282515 -0.10224979 0.00000000
0.98289113 -0.10226630 0.00000000
0.98295708 -0.10228297 0.00000000
0.98302217 -0.10230270 0.00000000
0.98308515 -0.10232839 0.00000000
0.98314543 -0.10235990 0.00000000
0.98320225 -0.10239729 0.00000000
0.98325467 -0.10244064 0.00000000
0.98330143 -0.10249003 0.00000000
0.98334088 -0.10254545 0.00000000
0.98337078 -0.10260654 0.00000000
0.98338841 -0.10267224 0.00000000
0.98339088 -0.10274022 0.00000000
0.98337662 -0.10280612 0.00000000
0.98334632 -0.10286634 0.00000000
0.98330269 -0.10291776 0.00000000
0.98324944 -0.10295911 0.00000000
0.98318977 -0.10299051 0.00000000
0.98312610 -0.10301268 0.00000000
0.98306011 -0.10302649 0.00000000
0.98299297 -0.10303269 0.00000000
0.98292555 -0.10303197 0.00000000
0.98285854 -0.10302457 0.00000000
0.98279202 -0.10301357 0.00000000
0.98272559 -0.10300206 0.00000000
0.98265891 -0.10299076 0.00000000
0.98259105 -0.10297939 0.00000000
0.98252107 -0.10296770 0.00000000
0.98244828 -0.10295548 0.00000000
0.98237220 -0.10294266 0.00000000
0.98229257 -0.10292919 0.00000000
0.98220937 -0.10291509 0.00000000
0.98212281 -0.10290040 0.00000000
0.98203318 -0.10288518 0.00000000
0.98194083 -0.10286951 0.00000000
0.98184619 -0.10285348 0.00000000
0.98174974 -0.10283716 0.00000000
0.98165202 -0.10282066 0.00000000
0.98155359 -0.10280406 0.00000000
0.98145475 -0.10278741 0.00000000
0.98135393 -0.10277045 0.00000000
0.98124925 -0.10275286 0.00000000
0.98113900 -0.10273434 0.00000000
0.98102157 -0.10271464 0.00000000
0.98089552 -0.10269350 0.00000000
0.98075953 -0.10267071 0.00000000
0.98061240 -0.10264609 0.00000000
0.98045308 -0.10261946 0.00000000
0.98028067 -0.10259068 0.00000000
0.98009438 -0.10255964 0.00000000
0.97989355 -0.10252626 0.00000000
0.97967770 -0.10249047 0.00000000
0.97944642 -0.10245225 0.00000000
0.97919949 -0.10241157 0.00000000
0.97893681 -0.10236844 0.00000000
0.97865839 -0.10232289 0.00000000
0.97836442 -0.10227497 0.00000000
0.97805519 -0.10222475 0.00000000
0.97773114 -0.10217232 0.00000000
0.97739286 -0.10211779 0.00000000
0.97704103 -0.10206131 0.00000000
0.97667646 -0.10200303 0.00000000
0.97629992 -0.10194308 0.00000000
0.97591215 -0.10188160 0.00000000
0.97551389 -0.10181874 0.00000000
0.97510584 -0.10175461 0.00000000
0.97468869 -0.10168934 0.00000000
0.97426308 -0.10162304 0.00000000
0.97382966 -0.10155581 0.00000000
0.97338902 -0.10148776 0.00000000
0.97294176 -0.10141898 0.00000000
0.97248843 -0.10134956 0.00000000
0.97202958 -0.10127958 0.00000000
0.97156570 -0.10120913 0.00000000
0.97109730 -0.10113828 0.00000000
0.97062483 -0.10106709 0.00000000
0.97014874 -0.10099563 0.00000000
0.96966943 -0.10092396 0.00000000
0.96918730 -0.10085213 0.00000000
0.96870273 -0.10078018 0.00000000
0.96821604 -0.10070816 0.00000000
0.96772756 -0.10063611 0.00000000
0.96723758 -0.10056405 0.00000000
0.96674638 -0.10049202 0.00000000
0.96625420 -0.10042003 0.00000000
0.96576126 -0.10034812 0.00000000
0.96526775 -0.10027629 0.00000000
0.96477385 -0.10020459 0.00000000
0.96427971 -0.10013301 0.00000000
0.96378547 -0.10006158 0.00000000
0.96329050 -0.09999020 0.00000000
0.96279155 -0.09991840 0.00000000
0.96228481 -0.09984564 0.00000000
0.96176665 -0.09977139 0.00000000
0.96123361 -0.09969517 0.00000000
0.96068236 -0.09961651 0.00000000
0.96010979 -0.09953500 0.00000000
0.95951291 -0.09945024 0.00000000
0.95888892 -0.09936185 0.00000000
0.95823520 -0.09926950 0.00000000
0.95754926 -0.09917288 0.00000000
0.95682882 -0.09907170 0.00000000
0.95607172 -0.09896571 0.00000000
0.95527602 -0.09885470 0.00000000
0.95443990 -0.09873847 0.00000000
0.95356173 -0.09861685 0.00000000
0.95264004 -0.09848972 0.00000000
0.95167354 -0.09835695 0.00000000
0.95066110 -0.09821848 0.00000000
0.94960174 -0.09807427 0.00000000
0.94849467 -0.09792430 0.00000000
0.94733925 -0.09776859 0.00000000
0.94613503 -0.09760719 0.00000000
0.94488171 -0.09744016 0.00000000
0.94357915 -0.09726762 0.00000000
0.94222739 -0.09708966 0.00000000
0.94082665 -0.09690642 0.00000000
0.93937730 -0.09671808 0.00000000
0.93787989 -0.09652479 0.00000000
0.93633512 -0.09632676 0.00000000
0.93474388 -0.09612419 0.00000000
0.93310723 -0.09591729 0.00000000
0.93142638 -0.09570630 0.00000000
0.92970271 -0.09549146 0.00000000
0.92793765 -0.09527301 0.00000000
0.92613262 -0.09505118 0.00000000
0.92428900 -0.09482618 0.00000000
0.92240817 -0.09459824 0.00000000
0.92049148 -0.09436753 0.00000000
0.91854027 -0.09413426 0.00000000
0.91655584 -0.09389859 0.00000000
0.91453948 -0.09366071 0.00000000
0.91249248 -0.09342075 0.00000000
0.91041606 -0.09317890 0.00000000
0.90831146 -0.09293535 0.00000000
0.90617988 -0.09269027 0.00000000
0.90402250 -0.09244382 0.00000000
0.90184048 -0.09219618 0.00000000
0.89963497 -0.09194750 0.00000000
0.89740708 -0.09169791 0.00000000
0.89515792 -0.09144756 0.00000000
0.89288856 -0.09119658 0.00000000
0.89060006 -0.09094508 0.00000000
0.88829345 -0.09069319 0.00000000
0.88596976 -0.09044101 0.00000000
0.88362998 -0.09018866 0.00000000
0.88127508 -0.08993623 0.00000000
0.87890601 -0.08968381 0.00000000
0.87652371 -0.08943150 0.00000000
0.87412909 -0.08917937 0.00000000
0.87172303 -0.08892751 0.00000000
0.86930640 -0.08867599 0.00000000
0.86688006 -0.08842487 0.00000000
0.86444482 -0.08817422 0.00000000
0.86200149 -0.08792409 0.00000000
0.85955086 -0.08767453 0.00000000
0.85709369 -0.08742560 0.00000000
0.85463072 -0.08717732 0.00000000
0.85216266 -0.08692975 0.00000000
0.84969023 -0.08668293 0.00000000
0.84721409 -0.08643689 0.00000000
0.84473489 -0.08619167 0.00000000
0.84225328 -0.08594730 0.00000000
0.83976987 -0.08570382 0.00000000
0.83728524 -0.08546126 0.00000000
0.83479999 -0.08521969 0.00000000
0.83231452 -0.08497913 0.00000000
0.82982896 -0.08473958 0.00000000
0.82734330 -0.08450103 0.00000000
0.82485755 -0.08426346 0.00000000
0.82237170 -0.08402688 0.00000000
0.81988577 -0.08379125 0.00000000
0.81739974 -0.08355658 0.00000000
0.81491362 -0.08332285 0.00000000
0.81242742 -0.08309003 0.00000000
0.80994113 -0.08285813 0.00000000
0.80745476 -0.08262713 0.00000000
0.80496831 -0.08239701 0.00000000
0.80248177 -0.08216775 0.00000000
0.79999516 -0.08193934 0.00000000
0.79750847 -0.08171176 0.00000000
0.79502171 -0.08148501 0.00000000
0.79253488 -0.08125905 0.00000000
0.79004797 -0.08103388 0.00000000
0.78756100 -0.08080947 0.00000000
0.78507395 -0.08058581 0.00000000
0.78258685 -0.08036288 0.00000000
0.78009967 -0.08014065 0.00000000
0.77761244 -0.07991912 0.00000000
0.77512515 -0.07969826 0.00000000
0.77263780 -0.07947805 0.00000000
0.77015039 -0.07925849 0.00000000
0.76766293 -0.07903954 0.00000000
0.76517541 -0.07882119 0.00000000
0.76268785 -0.07860343 0.00000000
0.76020023 -0.07838624 0.00000000
0.75771257 -0.07816959 0.00000000
0.75522486 -0.07795348 0.00000000
0.75273710 -0.07773788 0.00000000
0.75024931 -0.07752279 0.00000000
0.74776147 -0.07730818 0.00000000
0.74527359 -0.07709404 0.00000000
0.74278567 -0.07688035 0.00000000
0.74029771 -0.07666710 0.00000000
0.73780972 -0.07645427 0.00000000
0.73532169 -0.07624185 0.00000000
0.73283363 -0.07602982 0.00000000
0.73034554 -0.07581816 0.00000000
0.72785742 -0.07560686 0.00000000
0.72536926 -0.07539591 0.00000000
0.72288108 -0.07518529 0.00000000
0.72039287 -0.07497499 0.00000000
0.71790464 -0.07476498 0.00000000
0.71541639 -0.07455525 0.00000000
0.71292811 -0.07434578 0.00000000
0.71043981 -0.07413655 0.00000000
0.70795149 -0.07392755 0.00000000
0.70546316 -0.07371874 0.00000000
0.70297481 -0.07351012 0.00000000
0.70048645 -0.07330166 0.00000000
0.69799807 -0.07309335 0.00000000
0.69550969 -0.07288516 0.00000000
0.69302130 -0.07267707 0.00000000
0.69053290 -0.07246905 0.00000000
0.68804449 -0.07226109 0.00000000
0.68555609 -0.07205316 0.00000000
0.68306768 -0.07184524 0.00000000
0.68057927 -0.07163730 0.00000000
0.67809087 -0.07142933 0.00000000
0.67560247 -0.07122131 0.00000000
0.67311408 -0.07101321 0.00000000
0.67062569 -0.07080501 0.00000000
0.66813732 -0.07059669 0.00000000
0.66564896 -0.07038825 0.00000000
0.66316061 -0.07017964 0.00000000
0.66067227 -0.06997086 0.00000000
0.65818395 -0.06976188 0.00000000
0.65569565 -0.06955270 0.00000000
0.65320737 -0.06934329 0.00000000
0.65071910 -0.06913366 0.00000000
0.64823086 -0.06892379 0.00000000
0.64574264 -0.06871367 0.00000000
0.64325443 -0.06850330 0.00000000
0.64076626 -0.06829266 0.00000000
0.63827810 -0.06808174 0.00000000
0.63578997 -0.06787054 0.00000000
0.63330186 -0.06765905 0.00000000
0.63081378 -0.06744724 0.00000000
0.62832573 -0.06723512 0.00000000
0.62583770 -0.06702267 0.00000000
0.62334971 -0.06680987 0.00000000
0.62086174 -0.06659673 0.00000000
0.61837381 -0.06638322 0.00000000
0.61588591 -0.06616933 0.00000000
0.61339804 -0.06595506 0.00000000
0.61091020 -0.06574039 0.00000000
0.60842240 -0.06552534 0.00000000
0.60593464 -0.06530989 0.00000000
0.60344690 -0.06509404 0.00000000
0.60095920 -0.06487779 0.00000000
0.59847154 -0.06466114 0.00000000
0.59598391 -0.06444409 0.00000000
0.59349632 -0.06422663 0.00000000
0.59100877 -0.06400876 0.00000000
0.58852124 -0.06379048 0.00000000
0.58603376 -0.06357179 0.00000000
0.58354631 -0.06335269 0.00000000
0.58105890 -0.06313318 0.00000000
0.57857153 -0.06291325 0.00000000
0.57608419 -0.06269290 0.00000000
0.57359688 -0.06247214 0.00000000
0.57110962 -0.06225097 0.00000000
0.56862239 -0.06202937 0.00000000
0.56613520 -0.06180736 0.00000000
0.56364805 -0.06158493 0.00000000
0.56116094 -0.06136207 0.00000000
0.55867386 -0.06113880 0.00000000
0.55618682 -0.06091511 0.00000000
0.55369982 -0.06069099 0.00000000
0.55121285 -0.06046645 0.00000000
0.54872593 -0.06024149 0.00000000
0.54623904 -0.06001611 0.00000000
0.54375219 -0.05979030 0.00000000
0.54126538 -0.05956406 0.00000000
0.53877861 -0.05933741 0.00000000
0.53629188 -0.05911033 0.00000000
0.53380519 -0.05888283 0.00000000
0.53131853 -0.05865491 0.00000000
0.52883191 -0.05842657 0.00000000
0.52634533 -0.05819781 0.00000000
0.52385879 -0.05796863 0.00000000
0.52137229 -0.05773904 0.00000000
0.51888583 -0.05750902 0.00000000
0.51639941 -0.05727858 0.00000000
0.51391302 -0.05704772 0.00000000
0.51142668 -0.05681644 0.00000000
0.50894037 -0.05658473 0.00000000
0.50645411 -0.05635260 0.00000000
0.50396788 -0.05612005 0.00000000
0.50148169 -0.05588706 0.00000000
0.49899555 -0.05565365 0.00000000
0.49650944 -0.05541981 0.00000000
0.49402338 -0.05518553 0.00000000
0.49153735 -0.05495081 0.00000000
0.48905137 -0.05471564 0.00000000
0.48656543 -0.05448002 0.00000000
0.48407954 -0.05424394 0.00000000
0.48159369 -0.05400740 0.00000000
0.47910788 -0.05377040 0.00000000
0.47662212 -0.05353292 0.00000000
0.47413641 -0.05329496 0.00000000
0.47165074 -0.05305651 0.00000000
0.46916512 -0.05281758 0.00000000
0.46667954 -0.05257816 0.00000000
0.46419401 -0.05233824 0.00000000
0.46170854 -0.05209782 0.00000000
0.45922311 -0.05185689 0.00000000
0.45673773 -0.05161545 0.00000000
0.45425240 -0.05137349 0.00000000
0.45176712 -0.05113102 0.00000000
0.44928189 -0.05088801 0.00000000
0.44679672 -0.05064448 0.00000000
0.44431159 -0.05040042 0.00000000
0.44182652 -0.05015582 0.00000000
0.43934151 -0.04991068 0.00000000
0.43685654 -0.04966499 0.00000000
0.43437163 -0.04941876 0.00000000
0.43188678 -0.04917197 0.00000000
0.42940198 -0.04892463 0.00000000
0.42691724 -0.04867673 0.00000000
0.42443255 -0.04842827 0.00000000
0.42194792 -0.04817924 0.00000000
0.41946334 -0.04792964 0.00000000
0.41697883 -0.04767946 0.00000000
0.41449437 -0.04742871 0.00000000
0.41200997 -0.04717738 0.00000000
0.40952563 -0.04692546 0.00000000
0.40704135 -0.04667296 0.00000000
0.40455713 -0.04641986 0.00000000
0.40207297 -0.04616616 0.00000000
0.39958888 -0.04591187 0.00000000
0.39710484 -0.04565697 0.00000000
0.39462087 -0.04540145 0.00000000
0.39213696 -0.04514532 0.00000000
0.38965312 -0.04488857 0.00000000
0.38716934 -0.04463119 0.00000000
0.38468562 -0.04437319 0.00000000
0.38220197 -0.04411454 0.00000000
0.37971839 -0.04385526 0.00000000
0.37723488 -0.04359533 0.00000000
0.37475143 -0.04333475 0.00000000
0.37226806 -0.04307352 0.00000000
0.36978475 -0.04281163 0.00000000
0.36730151 -0.04254908 0.00000000
0.36481834 -0.04228586 0.00000000
0.36233524 -0.04202197 0.00000000
0.35985222 -0.04175741 0.00000000
0.35736927 -0.04149217 0.00000000
0.35488639 -0.04122623 0.00000000
0.35240359 -0.04095960 0.00000000
0.34992086 -0.04069225 0.00000000
0.34743821 -0.04042419 0.00000000
0.34495564 -0.04015540 0.00000000
0.34247315 -0.03988587 0.00000000
0.33999074 -0.03961560 0.00000000
0.33750841 -0.03934458 0.00000000
0.33502617 -0.03907278 0.00000000
0.33254401 -0.03880020 0.00000000
0.33006194 -0.03852682 0.00000000
0.32757996 -0.03825262 0.00000000
0.32509807 -0.03797760 0.00000000
0.32261628 -0.03770173 0.00000000
0.32013458 -0.03742499 0.00000000
0.31765298 -0.03714738 0.00000000
0.31517148 -0.03686888 0.00000000
0.31269008 -0.03658947 0.00000000
0.31020878 -0.03630914 0.00000000
0.30772760 -0.03602788 0.00000000
0.30524651 -0.03574567 0.00000000
0.30276554 -0.03546250 0.00000000
0.30028468 -0.03517835 0.00000000
0.29780394 -0.03489321 0.00000000
0.29532330 -0.03460706 0.00000000
0.29284279 -0.03431989 0.00000000
0.29036240 -0.03403166 0.00000000
0.28788214 -0.03374237 0.00000000
0.28540200 -0.03345200 0.00000000
0.28292199 -0.03316051 0.00000000
0.28044211 -0.03286789 0.00000000
0.27796237 -0.03257413 0.00000000
0.27548277 -0.03227919 0.00000000
0.27300331 -0.03198307 0.00000000
0.27052399 -0.03168575 0.00000000
0.26804483 -0.03138720 0.00000000
0.26556581 -0.03108741 0.00000000
0.26308694 -0.03078635 0.00000000
0.26060823 -0.03048403 0.00000000
0.25812968 -0.03018040 0.00000000
0.25565129 -0.02987545 0.00000000
0.25317306 -0.02956916 0.00000000
0.25069501 -0.02926149 0.00000000
0.24821713 -0.02895241 0.00000000
0.24573943 -0.02864191 0.00000000
0.24326191 -0.02832994 0.00000000
0.24078458 -0.02801649 0.00000000
0.23830745 -0.02770151 0.00000000
0.23583158 -0.02738513 0.00000000
0.23336220 -0.02706797 0.00000000
0.23090524 -0.02675080 0.00000000
0.22846624 -0.02643431 0.00000000
0.22605034 -0.02611920 0.00000000
0.22366231 -0.02580609 0.00000000
0.22130649 -0.02549560 0.00000000
0.21898686 -0.02518828 0.00000000
0.21670700 -0.02488466 0.00000000
0.21447008 -0.02458523 0.00000000
0.21227891 -0.02429041 0.00000000
0.21013587 -0.02400061 0.00000000
0.20804299 -0.02371617 0.00000000
0.20600188 -0.02343740 0.00000000
0.20401376 -0.02316454 0.00000000
0.20207948 -0.02289778 0.00000000
0.20019947 -0.02263728 0.00000000
0.19837380 -0.02238311 0.00000000
0.19660213 -0.02213531 0.00000000
0.19488373 -0.02189386 0.00000000
0.19321749 -0.02165869 0.00000000
0.19160194 -0.02142966 0.00000000
0.19003540 -0.02120662 0.00000000
0.18851618 -0.02098939 0.00000000
0.18704253 -0.02077780 0.00000000
0.18561267 -0.02057167 0.00000000
0.18422478 -0.02037078 0.00000000
0.18287700 -0.02017493 0.00000000
0.18156743 -0.01998391 0.00000000
0.18029414 -0.01979748 0.00000000
0.17905516 -0.01961541 0.00000000
0.17784845 -0.01943744 0.00000000
0.17667199 -0.01926332 0.00000000
0.17552367 -0.01909278 0.00000000
0.17440137 -0.01892553 0.00000000
0.17330292 -0.01876129 0.00000000
0.17222612 -0.01859975 0.00000000
0.17116872 -0.01844060 0.00000000
0.17012844 -0.01828353 0.00000000
0.16910296 -0.01812819 0.00000000
0.16808991 -0.01797424 0.00000000
0.16708692 -0.01782134 0.00000000
0.16609153 -0.01766911 0.00000000
0.16510127 -0.01751719 0.00000000
0.16411363 -0.01736519 0.00000000
0.16312649 -0.01721278 0.00000000
0.16213943 -0.01705990 0.00000000
0.16115244 -0.01690653 0.00000000
0.16016553 -0.01675267 0.00000000
0.15917869 -0.01659833 0.00000000
0.15819193 -0.01644349 0.00000000
0.15720525 -0.01628815 0.00000000
0.15621865 -0.01613230 0.00000000
0.15523213 -0.01597594 0.00000000
0.15424569 -0.01581907 0.00000000
0.15325934 -0.01566168 0.00000000
0.15227307 -0.01550376 0.00000000
0.15128688 -0.01534531 0.00000000
0.15030078 -0.01518632 0.00000000
0.14931477 -0.01502680 0.00000000
0.14832884 -0.01486673 0.00000000
0.14734301 -0.01470611 0.00000000
0.14635727 -0.01454493 0.00000000
0.14537161 -0.01438320 0.00000000
0.14438605 -0.01422090 0.00000000
0.14340059 -0.01405803 0.00000000
0.14241522 -0.01389458 0.00000000
0.14142994 -0.01373056 0.00000000
0.14044476 -0.01356596 0.00000000
0.13945969 -0.01340077 0.00000000
0.13847471 -0.01323498 0.00000000
0.13748983 -0.01306860 0.00000000
0.13650505 -0.01290163 0.00000000
0.13552037 -0.01273404 0.00000000
0.13453580 -0.01256585 0.00000000
0.13355133 -0.01239705 0.00000000
0.13256697 -0.01222762 0.00000000
0.13158272 -0.01205758 0.00000000
0.13059858 -0.01188690 0.00000000
0.12961454 -0.01171557 0.00000000
0.12863062 -0.01154360 0.00000000
0.12764682 -0.01137096 0.00000000
0.12666314 -0.01119765 0.00000000
0.12567958 -0.01102366 0.00000000
0.12469613 -0.01084898 0.00000000
0.12371282 -0.01067359 0.00000000
0.12272963 -0.01049750 0.00000000
0.12174657 -0.01032068 0.00000000
0.12076364 -0.01014314 0.00000000
0.11978085 -0.00996486 0.00000000
0.11879819 -0.00978583 0.00000000
0.11781566 -0.00960603 0.00000000
0.11683328 -0.00942547 0.00000000
0.11585105 -0.00924413 0.00000000
0.11486896 -0.00906200 0.00000000
0.11388702 -0.00887906 0.00000000
0.11290523 -0.00869532 0.00000000
0.11192360 -0.00851075 0.00000000
0.11094212 -0.00832535 0.00000000
0.10996080 -0.00813911 0.00000000
0.10897964 -0.00795201 0.00000000
0.10799865 -0.00776406 0.00000000
0.10701783 -0.00757523 0.00000000
0.10603718 -0.00738551 0.00000000
0.10505669 -0.00719491 0.00000000
0.10407639 -0.00700340 0.00000000
0.10309626 -0.00681097 0.00000000
0.10211632 -0.00661763 0.00000000
0.10113656 -0.00642335 0.00000000
0.10015699 -0.00622813 0.00000000
0.09917760 -0.00603196 0.00000000
0.09819842 -0.00583483 0.00000000
0.09721942 -0.00563672 0.00000000
0.09624063 -0.00543761 0.00000000
0.09526205 -0.00523748 0.00000000
0.09428368 -0.00503632 0.00000000
0.09330553 -0.00483409 0.00000000
0.09232760 -0.00463079 0.00000000
0.09134990 -0.00442639 0.00000000
0.09037244 -0.00422086 0.00000000
0.08939522 -0.00401420 0.00000000
0.08841824 -0.00380638 0.00000000
0.08744151 -0.00359739 0.00000000
0.08646504 -0.00338719 0.00000000
0.08548884 -0.00317576 0.00000000
0.08451290 -0.00296310 0.00000000
0.08353724 -0.00274917 0.00000000
0.08256186 -0.00253396 0.00000000
0.08158678 -0.00231744 0.00000000
0.08061198 -0.00209960 0.00000000
0.07963749 -0.00188041 0.00000000
0.07866331 -0.00165986 0.00000000
0.07768944 -0.00143792 0.00000000
0.07671589 -0.00121458 0.00000000
0.07574267 -0.00098981 0.00000000
0.07476978 -0.00076361 0.00000000
0.07379724 -0.00053595 0.00000000
0.07282503 -0.00030682 0.00000000
0.07185318 -0.00007620 0.00000000
0.07088169 0.00015593 0.00000000
0.06991057 0.00038960 0.00000000
0.06893983 0.00062487 0.00000000
0.06796950 0.00086179 0.00000000
0.06699957 0.00110039 0.00000000
0.06603008 0.00134073 0.00000000
0.06506104 0.00158286 0.00000000
0.06409245 0.00182683 0.00000000
0.06312434 0.00207268 0.00000000
0.06215672 0.00232047 0.00000000
0.06118961 0.00257025 0.00000000
0.06022304 0.00282210 0.00000000
0.05925702 0.00307605 0.00000000
0.05829158 0.00333217 0.00000000
0.05732672 0.00359051 0.00000000
0.05636248 0.00385114 0.00000000
0.05539888 0.00411411 0.00000000
0.05443592 0.00437945 0.00000000
0.05347364 0.00464722 0.00000000
0.05251205 0.00491745 0.00000000
0.05155116 0.00519019 0.00000000
0.05059101 0.00546549 0.00000000
0.04963160 0.00574339 0.00000000
0.04867297 0.00602398 0.00000000
0.04771517 0.00630735 0.00000000
0.04675822 0.00659361 0.00000000
0.04580217 0.00688284 0.00000000
0.04484705 0.00717515 0.00000000
0.04389291 0.00747065 0.00000000
0.04293982 0.00776951 0.00000000
0.04198786 0.00807195 0.00000000
0.04103748 0.00837807 0.00000000
0.04009053 0.00868750 0.00000000
0.03914911 0.00899975 0.00000000
0.03821515 0.00931432 0.00000000
0.03729044 0.00963071 0.00000000
0.03637663 0.00994842 0.00000000
0.03547520 0.01026695 0.00000000
0.03458752 0.01058581 0.00000000
0.03371478 0.01090454 0.00000000
0.03285803 0.01122266 0.00000000
0.03201820 0.01153972 0.00000000
0.03119605 0.01185529 0.00000000
0.03039219 0.01216899 0.00000000
0.02960712 0.01248042 0.00000000
0.02884119 0.01278927 0.00000000
0.02809458 0.01309524 0.00000000
0.02736739 0.01339806 0.00000000
0.02665952 0.01369756 0.00000000
0.02597082 0.01399362 0.00000000
0.02530096 0.01428620 0.00000000
0.02464953 0.01457529 0.00000000
0.02401604 0.01486091 0.00000000
0.02339996 0.01514311 0.00000000
0.02280074 0.01542193 0.00000000
0.02221779 0.01569744 0.00000000
0.02165047 0.01596975 0.00000000
0.02109814 0.01623898 0.00000000
0.02056008 0.01650528 0.00000000
0.02003560 0.01676884 0.00000000
0.01952392 0.01702987 0.00000000
0.01902427 0.01728861 0.00000000
0.01853583 0.01754534 0.00000000
0.01805776 0.01780037 0.00000000
0.01758919 0.01805405 0.00000000
0.01712924 0.01830676 0.00000000
0.01667698 0.01855892 0.00000000
0.01623148 0.01881101 0.00000000
0.01579178 0.01906353 0.00000000
0.01535687 0.01931701 0.00000000
0.01492574 0.01957201 0.00000000
0.01449738 0.01982920 0.00000000
0.01407101 0.02008926 0.00000000
0.01364658 0.02035248 0.00000000
0.01322424 0.02061905 0.00000000
0.01280418 0.02088919 0.00000000
0.01238659 0.02116314 0.00000000
0.01197167 0.02144112 0.00000000
0.01155961 0.02172332 0.00000000
0.01115059 0.02200993 0.00000000
0.01074482 0.02230111 0.00000000
0.01034249 0.02259703 0.00000000
0.00994379 0.02289783 0.00000000
0.00954893 0.02320366 0.00000000
0.00915810 0.02351461 0.00000000
0.00877148 0.02383079 0.00000000
0.00838927 0.02415229 0.00000000
0.00801165 0.02447918 0.00000000
0.00763881 0.02481150 0.00000000
0.00727091 0.02514929 0.00000000
0.00690807 0.02549251 0.00000000
0.00655043 0.02584113 0.00000000
0.00619817 0.02619520 0.00000000
0.00585153 0.02655478 0.00000000
0.00551080 0.02692001 0.00000000
0.00517688 0.02729149 0.00000000
0.00485113 0.02767011 0.00000000
0.00453492 0.02805681 0.00000000
0.00422993 0.02845246 0.00000000
0.00393800 0.02885789 0.00000000
0.00366107 0.02927393 0.00000000
0.00340185 0.02970124 0.00000000
0.00316344 0.03014039 0.00000000
0.00294899 0.03059187 0.00000000
0.00276212 0.03105557 0.00000000
0.00260660 0.03153111 0.00000000
0.00248639 0.03201774 0.00000000
0.00240655 0.03251234 0.00000000
0.00237251 0.03301098 0.00000000
0.00238652 0.03351008 0.00000000
0.00243558 0.03400795 0.00000000
0.00250211 0.03450344 0.00000000
