SD7003 AIRFOIL
      1292.0      1292.0
 
 0.863834558E-04  0.430919472E-04  0.000000000E+00
 0.114667488E-03  0.543499422E-03  0.000000000E+00
 0.188732244E-03  0.104381142E-02  0.000000000E+00
 0.292398440E-03  0.154060263E-02  0.000000000E+00
 0.413245302E-03  0.203124621E-02  0.000000000E+00
 0.550570320E-03  0.251560467E-02  0.000000000E+00
 0.705945443E-03  0.299402388E-02  0.000000000E+00
 0.879973684E-03  0.346669141E-02  0.000000000E+00
 0.107088220E-02  0.393340681E-02  0.000000000E+00
 0.127654569E-02  0.439391138E-02  0.000000000E+00
 0.149545201E-02  0.484796395E-02  0.000000000E+00
 0.172728213E-02  0.529535754E-02  0.000000000E+00
 0.197185155E-02  0.573588974E-02  0.000000000E+00
 0.222880058E-02  0.616939924E-02  0.000000000E+00
 0.249749694E-02  0.659578866E-02  0.000000000E+00
 0.277728526E-02  0.701496845E-02  0.000000000E+00
 0.306752670E-02  0.742693157E-02  0.000000000E+00
 0.336760316E-02  0.783177435E-02  0.000000000E+00
 0.367689745E-02  0.822960258E-02  0.000000000E+00
 0.399478362E-02  0.862059032E-02  0.000000000E+00
 0.432062681E-02  0.900498069E-02  0.000000000E+00
 0.465379392E-02  0.938302268E-02  0.000000000E+00
 0.499368678E-02  0.975501163E-02  0.000000000E+00
 0.533973572E-02  0.101212807E-01  0.000000000E+00
 0.569137204E-02  0.104821698E-01  0.000000000E+00
 0.604802905E-02  0.108380888E-01  0.000000000E+00
 0.640914135E-02  0.111894930E-01  0.000000000E+00
 0.677416510E-02  0.115368214E-01  0.000000000E+00
 0.714274802E-02  0.118803605E-01  0.000000000E+00
 0.751463825E-02  0.122203173E-01  0.000000000E+00
 0.788960420E-02  0.125568778E-01  0.000000000E+00
 0.826754613E-02  0.128900908E-01  0.000000000E+00
 0.864841920E-02  0.132199481E-01  0.000000000E+00
 0.903217357E-02  0.135464480E-01  0.000000000E+00
 0.941873215E-02  0.138696239E-01  0.000000000E+00
 0.980800887E-02  0.141895210E-01  0.000000000E+00
 0.101999204E-01  0.145061827E-01  0.000000000E+00
 0.105943942E-01  0.148196459E-01  0.000000000E+00
 0.109913609E-01  0.151299458E-01  0.000000000E+00
 0.113907509E-01  0.154371190E-01  0.000000000E+00
 0.117924959E-01  0.157412060E-01  0.000000000E+00
 0.121966996E-01  0.160423757E-01  0.000000000E+00
 0.126041537E-01  0.163412891E-01  0.000000000E+00
 0.130158155E-01  0.166386869E-01  0.000000000E+00
 0.134326298E-01  0.169352588E-01  0.000000000E+00
 0.138555276E-01  0.172316456E-01  0.000000000E+00
 0.142854254E-01  0.175284416E-01  0.000000000E+00
 0.147232216E-01  0.178261953E-01  0.000000000E+00
 0.151697958E-01  0.181254113E-01  0.000000000E+00
 0.156260087E-01  0.184265521E-01  0.000000000E+00
 0.160926978E-01  0.187300387E-01  0.000000000E+00
 0.165706787E-01  0.190362526E-01  0.000000000E+00
 0.170607431E-01  0.193455374E-01  0.000000000E+00
 0.175636597E-01  0.196581932E-01  0.000000000E+00
 0.180801866E-01  0.199744609E-01  0.000000000E+00
 0.186110578E-01  0.202945388E-01  0.000000000E+00
 0.191569795E-01  0.206185898E-01  0.000000000E+00
 0.197186290E-01  0.209467429E-01  0.000000000E+00
 0.202966530E-01  0.212790931E-01  0.000000000E+00
 0.208916675E-01  0.216157052E-01  0.000000000E+00
 0.215042561E-01  0.219566140E-01  0.000000000E+00
 0.221349684E-01  0.223018263E-01  0.000000000E+00
 0.227843197E-01  0.226513243E-01  0.000000000E+00
 0.234527699E-01  0.230050562E-01  0.000000000E+00
 0.241406691E-01  0.233629125E-01  0.000000000E+00
 0.248482351E-01  0.237247208E-01  0.000000000E+00
 0.255755514E-01  0.240902521E-01  0.000000000E+00
 0.263225652E-01  0.244592279E-01  0.000000000E+00
 0.270890825E-01  0.248313232E-01  0.000000000E+00
 0.278747715E-01  0.252061715E-01  0.000000000E+00
 0.286791558E-01  0.255833703E-01  0.000000000E+00
 0.295016109E-01  0.259624972E-01  0.000000000E+00
 0.303413617E-01  0.263431164E-01  0.000000000E+00
 0.311974919E-01  0.267247536E-01  0.000000000E+00
 0.320689677E-01  0.271068549E-01  0.000000000E+00
 0.329546135E-01  0.274888286E-01  0.000000000E+00
 0.338531324E-01  0.278700053E-01  0.000000000E+00
 0.347630941E-01  0.282496615E-01  0.000000000E+00
 0.356829161E-01  0.286270646E-01  0.000000000E+00
 0.366108612E-01  0.290014834E-01  0.000000000E+00
 0.375450408E-01  0.293721782E-01  0.000000000E+00
 0.384834183E-01  0.297384002E-01  0.000000000E+00
 0.394241770E-01  0.300995360E-01  0.000000000E+00
 0.403668910E-01  0.304555393E-01  0.000000000E+00
 0.413114922E-01  0.308065051E-01  0.000000000E+00
 0.422579143E-01  0.311525296E-01  0.000000000E+00
 0.432060936E-01  0.314937096E-01  0.000000000E+00
 0.441559678E-01  0.318301424E-01  0.000000000E+00
 0.451074756E-01  0.321619254E-01  0.000000000E+00
 0.460605586E-01  0.324891564E-01  0.000000000E+00
 0.470151591E-01  0.328119335E-01  0.000000000E+00
 0.479712205E-01  0.331303557E-01  0.000000000E+00
 0.489286886E-01  0.334445237E-01  0.000000000E+00
 0.498875095E-01  0.337545384E-01  0.000000000E+00
 0.508476356E-01  0.340604857E-01  0.000000000E+00
 0.518090291E-01  0.343624268E-01  0.000000000E+00
 0.527716535E-01  0.346604203E-01  0.000000000E+00
 0.537354731E-01  0.349545246E-01  0.000000000E+00
 0.547004538E-01  0.352447971E-01  0.000000000E+00
 0.556665617E-01  0.355312952E-01  0.000000000E+00
 0.566337638E-01  0.358140767E-01  0.000000000E+00
 0.576020278E-01  0.360932004E-01  0.000000000E+00
 0.585713222E-01  0.363687254E-01  0.000000000E+00
 0.595416153E-01  0.366407105E-01  0.000000000E+00
 0.605128774E-01  0.369092153E-01  0.000000000E+00
 0.614850788E-01  0.371742992E-01  0.000000000E+00
 0.624581902E-01  0.374360217E-01  0.000000000E+00
 0.634321833E-01  0.376944428E-01  0.000000000E+00
 0.644070308E-01  0.379496227E-01  0.000000000E+00
 0.653827053E-01  0.382016217E-01  0.000000000E+00
 0.663591801E-01  0.384504999E-01  0.000000000E+00
 0.673364299E-01  0.386963177E-01  0.000000000E+00
 0.683144296E-01  0.389391354E-01  0.000000000E+00
 0.692931540E-01  0.391790133E-01  0.000000000E+00
 0.702725792E-01  0.394160128E-01  0.000000000E+00
 0.712526818E-01  0.396501958E-01  0.000000000E+00
 0.722334386E-01  0.398816242E-01  0.000000000E+00
 0.732148278E-01  0.401103549E-01  0.000000000E+00
 0.741968335E-01  0.403364234E-01  0.000000000E+00
 0.751794415E-01  0.405598597E-01  0.000000000E+00
 0.761626375E-01  0.407806938E-01  0.000000000E+00
 0.771464076E-01  0.409989555E-01  0.000000000E+00
 0.781307387E-01  0.412146736E-01  0.000000000E+00
 0.791156176E-01  0.414278772E-01  0.000000000E+00
 0.801010312E-01  0.416385951E-01  0.000000000E+00
 0.810869667E-01  0.418468566E-01  0.000000000E+00
 0.820734118E-01  0.420526910E-01  0.000000000E+00
 0.830603542E-01  0.422561278E-01  0.000000000E+00
 0.840477817E-01  0.424571967E-01  0.000000000E+00
 0.850356822E-01  0.426559271E-01  0.000000000E+00
 0.860240444E-01  0.428523488E-01  0.000000000E+00
 0.870128569E-01  0.430464916E-01  0.000000000E+00
 0.880021083E-01  0.432383852E-01  0.000000000E+00
 0.889917874E-01  0.434280593E-01  0.000000000E+00
 0.899818837E-01  0.436155435E-01  0.000000000E+00
 0.909723867E-01  0.438008672E-01  0.000000000E+00
 0.919632860E-01  0.439840601E-01  0.000000000E+00
 0.929545712E-01  0.441651518E-01  0.000000000E+00
 0.939462323E-01  0.443441731E-01  0.000000000E+00
 0.949382596E-01  0.445211551E-01  0.000000000E+00
 0.959306430E-01  0.446961289E-01  0.000000000E+00
 0.969233728E-01  0.448691254E-01  0.000000000E+00
 0.979164403E-01  0.450401724E-01  0.000000000E+00
 0.989098372E-01  0.452092956E-01  0.000000000E+00
 0.999035555E-01  0.453765205E-01  0.000000000E+00
 0.100897587E+00  0.455418725E-01  0.000000000E+00
 0.101891925E+00  0.457053748E-01  0.000000000E+00
 0.102886562E+00  0.458670439E-01  0.000000000E+00
 0.103881493E+00  0.460268951E-01  0.000000000E+00
 0.104876711E+00  0.461849434E-01  0.000000000E+00
 0.105872212E+00  0.463412042E-01  0.000000000E+00
 0.106867990E+00  0.464956934E-01  0.000000000E+00
 0.107864038E+00  0.466484283E-01  0.000000000E+00
 0.108860351E+00  0.467994256E-01  0.000000000E+00
 0.109856923E+00  0.469487026E-01  0.000000000E+00
 0.110853749E+00  0.470962762E-01  0.000000000E+00
 0.111850823E+00  0.472421632E-01  0.000000000E+00
 0.112848140E+00  0.473863803E-01  0.000000000E+00
 0.113845694E+00  0.475289442E-01  0.000000000E+00
 0.114843481E+00  0.476698715E-01  0.000000000E+00
 0.115841496E+00  0.478091789E-01  0.000000000E+00
 0.116839732E+00  0.479468832E-01  0.000000000E+00
 0.117838187E+00  0.480830013E-01  0.000000000E+00
 0.118836854E+00  0.482175499E-01  0.000000000E+00
 0.119835729E+00  0.483505459E-01  0.000000000E+00
 0.120834807E+00  0.484820060E-01  0.000000000E+00
 0.121834084E+00  0.486119474E-01  0.000000000E+00
 0.122833555E+00  0.487403867E-01  0.000000000E+00
 0.123833215E+00  0.488673411E-01  0.000000000E+00
 0.124833061E+00  0.489928273E-01  0.000000000E+00
 0.125833088E+00  0.491168624E-01  0.000000000E+00
 0.126833292E+00  0.492394629E-01  0.000000000E+00
 0.127833669E+00  0.493606456E-01  0.000000000E+00
 0.128834214E+00  0.494804271E-01  0.000000000E+00
 0.129834924E+00  0.495988238E-01  0.000000000E+00
 0.130835795E+00  0.497158524E-01  0.000000000E+00
 0.131836824E+00  0.498315260E-01  0.000000000E+00
 0.132838007E+00  0.499458556E-01  0.000000000E+00
 0.133839341E+00  0.500588517E-01  0.000000000E+00
 0.134840823E+00  0.501705251E-01  0.000000000E+00
 0.135842451E+00  0.502808864E-01  0.000000000E+00
 0.136844222E+00  0.503899463E-01  0.000000000E+00
 0.137846132E+00  0.504977159E-01  0.000000000E+00
 0.138848179E+00  0.506042062E-01  0.000000000E+00
 0.139850360E+00  0.507094280E-01  0.000000000E+00
 0.140852672E+00  0.508133925E-01  0.000000000E+00
 0.141855112E+00  0.509161105E-01  0.000000000E+00
 0.142857679E+00  0.510175931E-01  0.000000000E+00
 0.143860368E+00  0.511178512E-01  0.000000000E+00
 0.144863178E+00  0.512168957E-01  0.000000000E+00
 0.145866107E+00  0.513147377E-01  0.000000000E+00
 0.146869150E+00  0.514113880E-01  0.000000000E+00
 0.147872307E+00  0.515068576E-01  0.000000000E+00
 0.148875574E+00  0.516011575E-01  0.000000000E+00
 0.149878950E+00  0.516942987E-01  0.000000000E+00
 0.150882431E+00  0.517862921E-01  0.000000000E+00
 0.151886016E+00  0.518771488E-01  0.000000000E+00
 0.152889702E+00  0.519668798E-01  0.000000000E+00
 0.153893488E+00  0.520554960E-01  0.000000000E+00
 0.154897370E+00  0.521430085E-01  0.000000000E+00
 0.155901346E+00  0.522294282E-01  0.000000000E+00
 0.156905415E+00  0.523147663E-01  0.000000000E+00
 0.157909575E+00  0.523990336E-01  0.000000000E+00
 0.158913823E+00  0.524822413E-01  0.000000000E+00
 0.159918157E+00  0.525644004E-01  0.000000000E+00
 0.160922576E+00  0.526455217E-01  0.000000000E+00
 0.161927076E+00  0.527256162E-01  0.000000000E+00
 0.162932092E+00  0.528047289E-01  0.000000000E+00
 0.163939780E+00  0.528830361E-01  0.000000000E+00
 0.164952696E+00  0.529607359E-01  0.000000000E+00
 0.165973356E+00  0.530380112E-01  0.000000000E+00
 0.167004239E+00  0.531150294E-01  0.000000000E+00
 0.168047783E+00  0.531919451E-01  0.000000000E+00
 0.169106391E+00  0.532689003E-01  0.000000000E+00
 0.170182421E+00  0.533460242E-01  0.000000000E+00
 0.171278196E+00  0.534234337E-01  0.000000000E+00
 0.172395999E+00  0.535012332E-01  0.000000000E+00
 0.173538073E+00  0.535795144E-01  0.000000000E+00
 0.174706621E+00  0.536583565E-01  0.000000000E+00
 0.175903811E+00  0.537378259E-01  0.000000000E+00
 0.177131766E+00  0.538179764E-01  0.000000000E+00
 0.178392573E+00  0.538988487E-01  0.000000000E+00
 0.179688281E+00  0.539804706E-01  0.000000000E+00
 0.181020895E+00  0.540628568E-01  0.000000000E+00
 0.182392386E+00  0.541460092E-01  0.000000000E+00
 0.183804681E+00  0.542299161E-01  0.000000000E+00
 0.185259672E+00  0.543145531E-01  0.000000000E+00
 0.186759207E+00  0.543998821E-01  0.000000000E+00
 0.188305097E+00  0.544858522E-01  0.000000000E+00
 0.189899114E+00  0.545723992E-01  0.000000000E+00
 0.191542989E+00  0.546594463E-01  0.000000000E+00
 0.193238406E+00  0.547469034E-01  0.000000000E+00
 0.194986866E+00  0.548346609E-01  0.000000000E+00
 0.196789501E+00  0.549225822E-01  0.000000000E+00
 0.198647043E+00  0.550105044E-01  0.000000000E+00
 0.200559828E+00  0.550982402E-01  0.000000000E+00
 0.202527794E+00  0.551855828E-01  0.000000000E+00
 0.204550481E+00  0.552723084E-01  0.000000000E+00
 0.206627034E+00  0.553581741E-01  0.000000000E+00
 0.208756197E+00  0.554429192E-01  0.000000000E+00
 0.210936317E+00  0.555262747E-01  0.000000000E+00
 0.213165341E+00  0.556079689E-01  0.000000000E+00
 0.215440822E+00  0.556877306E-01  0.000000000E+00
 0.217759910E+00  0.557652932E-01  0.000000000E+00
 0.220119359E+00  0.558403974E-01  0.000000000E+00
 0.222515524E+00  0.559127952E-01  0.000000000E+00
 0.224944361E+00  0.559822532E-01  0.000000000E+00
 0.227401427E+00  0.560485562E-01  0.000000000E+00
 0.229881883E+00  0.561115101E-01  0.000000000E+00
 0.232380489E+00  0.561709450E-01  0.000000000E+00
 0.234891608E+00  0.562267184E-01  0.000000000E+00
 0.237409204E+00  0.562787185E-01  0.000000000E+00
 0.239927961E+00  0.563268856E-01  0.000000000E+00
 0.242446791E+00  0.563712614E-01  0.000000000E+00
 0.244965683E+00  0.564119035E-01  0.000000000E+00
 0.247484633E+00  0.564488681E-01  0.000000000E+00
 0.250003633E+00  0.564822089E-01  0.000000000E+00
 0.252522678E+00  0.565119720E-01  0.000000000E+00
 0.255041762E+00  0.565382019E-01  0.000000000E+00
 0.257560880E+00  0.565609435E-01  0.000000000E+00
 0.260080026E+00  0.565802435E-01  0.000000000E+00
 0.262599197E+00  0.565961486E-01  0.000000000E+00
 0.265118386E+00  0.566087058E-01  0.000000000E+00
 0.267637589E+00  0.566179616E-01  0.000000000E+00
 0.270156802E+00  0.566239623E-01  0.000000000E+00
 0.272676021E+00  0.566267543E-01  0.000000000E+00
 0.275195241E+00  0.566263839E-01  0.000000000E+00
 0.277714459E+00  0.566228975E-01  0.000000000E+00
 0.280233671E+00  0.566163413E-01  0.000000000E+00
 0.282752873E+00  0.566067621E-01  0.000000000E+00
 0.285272062E+00  0.565942070E-01  0.000000000E+00
 0.287791235E+00  0.565787230E-01  0.000000000E+00
 0.290310388E+00  0.565603508E-01  0.000000000E+00
 0.292829519E+00  0.565391204E-01  0.000000000E+00
 0.295348624E+00  0.565150606E-01  0.000000000E+00
 0.297867701E+00  0.564881998E-01  0.000000000E+00
 0.300386747E+00  0.564585660E-01  0.000000000E+00
 0.302905759E+00  0.564261869E-01  0.000000000E+00
 0.305424734E+00  0.563910902E-01  0.000000000E+00
 0.307943671E+00  0.563533037E-01  0.000000000E+00
 0.310462566E+00  0.563128555E-01  0.000000000E+00
 0.312981418E+00  0.562697736E-01  0.000000000E+00
 0.315500224E+00  0.562240859E-01  0.000000000E+00
 0.318018981E+00  0.561758204E-01  0.000000000E+00
 0.320537689E+00  0.561250048E-01  0.000000000E+00
 0.323056344E+00  0.560716673E-01  0.000000000E+00
 0.325574945E+00  0.560158355E-01  0.000000000E+00
 0.328093490E+00  0.559575375E-01  0.000000000E+00
 0.330611978E+00  0.558968009E-01  0.000000000E+00
 0.333130406E+00  0.558336538E-01  0.000000000E+00
 0.335648774E+00  0.557681246E-01  0.000000000E+00
 0.338167079E+00  0.557002416E-01  0.000000000E+00
 0.340685320E+00  0.556300331E-01  0.000000000E+00
 0.343203496E+00  0.555575278E-01  0.000000000E+00
 0.345721606E+00  0.554827547E-01  0.000000000E+00
 0.348239649E+00  0.554057425E-01  0.000000000E+00
 0.350757623E+00  0.553265201E-01  0.000000000E+00
 0.353275527E+00  0.552451161E-01  0.000000000E+00
 0.355793360E+00  0.551615595E-01  0.000000000E+00
 0.358311123E+00  0.550758788E-01  0.000000000E+00
 0.360828813E+00  0.549881028E-01  0.000000000E+00
 0.363346430E+00  0.548982602E-01  0.000000000E+00
 0.365863973E+00  0.548063795E-01  0.000000000E+00
 0.368381443E+00  0.547124897E-01  0.000000000E+00
 0.370898838E+00  0.546166197E-01  0.000000000E+00
 0.373416157E+00  0.545187988E-01  0.000000000E+00
 0.375933402E+00  0.544190558E-01  0.000000000E+00
 0.378450570E+00  0.543174189E-01  0.000000000E+00
 0.380967662E+00  0.542139154E-01  0.000000000E+00
 0.383484679E+00  0.541085725E-01  0.000000000E+00
 0.386001618E+00  0.540014151E-01  0.000000000E+00
 0.388518480E+00  0.538924572E-01  0.000000000E+00
 0.391035264E+00  0.537817099E-01  0.000000000E+00
 0.393551969E+00  0.536691843E-01  0.000000000E+00
 0.396068595E+00  0.535548920E-01  0.000000000E+00
 0.398585140E+00  0.534388453E-01  0.000000000E+00
 0.401101604E+00  0.533210566E-01  0.000000000E+00
 0.403617987E+00  0.532015382E-01  0.000000000E+00
 0.406134288E+00  0.530803022E-01  0.000000000E+00
 0.408650506E+00  0.529573606E-01  0.000000000E+00
 0.411166640E+00  0.528327253E-01  0.000000000E+00
 0.413682691E+00  0.527064084E-01  0.000000000E+00
 0.416198657E+00  0.525784221E-01  0.000000000E+00
 0.418714538E+00  0.524487786E-01  0.000000000E+00
 0.421230334E+00  0.523174905E-01  0.000000000E+00
 0.423746045E+00  0.521845696E-01  0.000000000E+00
 0.426261669E+00  0.520500275E-01  0.000000000E+00
 0.428777206E+00  0.519138751E-01  0.000000000E+00
 0.431292657E+00  0.517761237E-01  0.000000000E+00
 0.433808020E+00  0.516367881E-01  0.000000000E+00
 0.436323296E+00  0.514958879E-01  0.000000000E+00
 0.438838485E+00  0.513534436E-01  0.000000000E+00
 0.441353587E+00  0.512094755E-01  0.000000000E+00
 0.443868603E+00  0.510640050E-01  0.000000000E+00
 0.446383533E+00  0.509170548E-01  0.000000000E+00
 0.448898377E+00  0.507686472E-01  0.000000000E+00
 0.451413136E+00  0.506188047E-01  0.000000000E+00
 0.453927811E+00  0.504675496E-01  0.000000000E+00
 0.456442401E+00  0.503149040E-01  0.000000000E+00
 0.458956908E+00  0.501608899E-01  0.000000000E+00
 0.461471332E+00  0.500055294E-01  0.000000000E+00
 0.463985674E+00  0.498488442E-01  0.000000000E+00
 0.466499934E+00  0.496908560E-01  0.000000000E+00
 0.469014114E+00  0.495315862E-01  0.000000000E+00
 0.471528213E+00  0.493710571E-01  0.000000000E+00
 0.474042233E+00  0.492092922E-01  0.000000000E+00
 0.476556175E+00  0.490463155E-01  0.000000000E+00
 0.479070040E+00  0.488821506E-01  0.000000000E+00
 0.481583828E+00  0.487168184E-01  0.000000000E+00
 0.484097540E+00  0.485503326E-01  0.000000000E+00
 0.486611176E+00  0.483827066E-01  0.000000000E+00
 0.489124737E+00  0.482139533E-01  0.000000000E+00
 0.491638222E+00  0.480440811E-01  0.000000000E+00
 0.494151632E+00  0.478730921E-01  0.000000000E+00
 0.496664965E+00  0.477009877E-01  0.000000000E+00
 0.499178222E+00  0.475277696E-01  0.000000000E+00
 0.501691402E+00  0.473534407E-01  0.000000000E+00
 0.504204505E+00  0.471780047E-01  0.000000000E+00
 0.506717531E+00  0.470014657E-01  0.000000000E+00
 0.509230480E+00  0.468238276E-01  0.000000000E+00
 0.511743350E+00  0.466450940E-01  0.000000000E+00
 0.514256143E+00  0.464652683E-01  0.000000000E+00
 0.516768858E+00  0.462843538E-01  0.000000000E+00
 0.519281494E+00  0.461023541E-01  0.000000000E+00
 0.521794052E+00  0.459192722E-01  0.000000000E+00
 0.524306530E+00  0.457351115E-01  0.000000000E+00
 0.526818930E+00  0.455498750E-01  0.000000000E+00
 0.529331251E+00  0.453635663E-01  0.000000000E+00
 0.531843492E+00  0.451761896E-01  0.000000000E+00
 0.534355653E+00  0.449877495E-01  0.000000000E+00
 0.536867735E+00  0.447982507E-01  0.000000000E+00
 0.539379737E+00  0.446076994E-01  0.000000000E+00
 0.541891660E+00  0.444161072E-01  0.000000000E+00
 0.544403504E+00  0.442234866E-01  0.000000000E+00
 0.546915271E+00  0.440298502E-01  0.000000000E+00
 0.549426959E+00  0.438352104E-01  0.000000000E+00
 0.551938571E+00  0.436395788E-01  0.000000000E+00
 0.554450106E+00  0.434429672E-01  0.000000000E+00
 0.556961565E+00  0.432453873E-01  0.000000000E+00
 0.559472949E+00  0.430468509E-01  0.000000000E+00
 0.561984258E+00  0.428473700E-01  0.000000000E+00
 0.564495492E+00  0.426469564E-01  0.000000000E+00
 0.567006653E+00  0.424456222E-01  0.000000000E+00
 0.569517741E+00  0.422433791E-01  0.000000000E+00
 0.572028756E+00  0.420402391E-01  0.000000000E+00
 0.574539700E+00  0.418362139E-01  0.000000000E+00
 0.577050573E+00  0.416313154E-01  0.000000000E+00
 0.579561375E+00  0.414255556E-01  0.000000000E+00
 0.582072107E+00  0.412189466E-01  0.000000000E+00
 0.584582771E+00  0.410115003E-01  0.000000000E+00
 0.587093366E+00  0.408032286E-01  0.000000000E+00
 0.589603893E+00  0.405941417E-01  0.000000000E+00
 0.592114353E+00  0.403842492E-01  0.000000000E+00
 0.594624746E+00  0.401735610E-01  0.000000000E+00
 0.597135073E+00  0.399620865E-01  0.000000000E+00
 0.599645335E+00  0.397498351E-01  0.000000000E+00
 0.602155532E+00  0.395368160E-01  0.000000000E+00
 0.604665664E+00  0.393230386E-01  0.000000000E+00
 0.607175732E+00  0.391085121E-01  0.000000000E+00
 0.609685737E+00  0.388932460E-01  0.000000000E+00
 0.612195679E+00  0.386772495E-01  0.000000000E+00
 0.614705559E+00  0.384605321E-01  0.000000000E+00
 0.617215378E+00  0.382431032E-01  0.000000000E+00
 0.619725135E+00  0.380249719E-01  0.000000000E+00
 0.622234832E+00  0.378061477E-01  0.000000000E+00
 0.624744470E+00  0.375866398E-01  0.000000000E+00
 0.627254048E+00  0.373664577E-01  0.000000000E+00
 0.629763568E+00  0.371456110E-01  0.000000000E+00
 0.632273031E+00  0.369241091E-01  0.000000000E+00
 0.634782436E+00  0.367019615E-01  0.000000000E+00
 0.637291784E+00  0.364791765E-01  0.000000000E+00
 0.639801077E+00  0.362557626E-01  0.000000000E+00
 0.642310315E+00  0.360317283E-01  0.000000000E+00
 0.644819497E+00  0.358070811E-01  0.000000000E+00
 0.647328626E+00  0.355818281E-01  0.000000000E+00
 0.649837700E+00  0.353559761E-01  0.000000000E+00
 0.652346721E+00  0.351295319E-01  0.000000000E+00
 0.654855690E+00  0.349025028E-01  0.000000000E+00
 0.657364605E+00  0.346748959E-01  0.000000000E+00
 0.659873470E+00  0.344467183E-01  0.000000000E+00
 0.662382282E+00  0.342179772E-01  0.000000000E+00
 0.664891044E+00  0.339886798E-01  0.000000000E+00
 0.667399756E+00  0.337588330E-01  0.000000000E+00
 0.669908418E+00  0.335284440E-01  0.000000000E+00
 0.672417031E+00  0.332975198E-01  0.000000000E+00
 0.674925595E+00  0.330660678E-01  0.000000000E+00
 0.677434111E+00  0.328340951E-01  0.000000000E+00
 0.679942579E+00  0.326016088E-01  0.000000000E+00
 0.682451001E+00  0.323686158E-01  0.000000000E+00
 0.684959376E+00  0.321351230E-01  0.000000000E+00
 0.687467705E+00  0.319011374E-01  0.000000000E+00
 0.689975989E+00  0.316666693E-01  0.000000000E+00
 0.692484229E+00  0.314317324E-01  0.000000000E+00
 0.694992426E+00  0.311963404E-01  0.000000000E+00
 0.697500582E+00  0.309605071E-01  0.000000000E+00
 0.700008698E+00  0.307242465E-01  0.000000000E+00
 0.702516775E+00  0.304875727E-01  0.000000000E+00
 0.705024814E+00  0.302504998E-01  0.000000000E+00
 0.707532816E+00  0.300130419E-01  0.000000000E+00
 0.710040784E+00  0.297752132E-01  0.000000000E+00
 0.712548718E+00  0.295370275E-01  0.000000000E+00
 0.715056619E+00  0.292984991E-01  0.000000000E+00
 0.717564488E+00  0.290596414E-01  0.000000000E+00
 0.720072328E+00  0.288204683E-01  0.000000000E+00
 0.722580139E+00  0.285809936E-01  0.000000000E+00
 0.725087923E+00  0.283412322E-01  0.000000000E+00
 0.727595680E+00  0.281011995E-01  0.000000000E+00
 0.730103413E+00  0.278609108E-01  0.000000000E+00
 0.732611123E+00  0.276203778E-01  0.000000000E+00
 0.735118810E+00  0.273796086E-01  0.000000000E+00
 0.737626475E+00  0.271386112E-01  0.000000000E+00
 0.740134118E+00  0.268973881E-01  0.000000000E+00
 0.742641739E+00  0.266559308E-01  0.000000000E+00
 0.745149336E+00  0.264142294E-01  0.000000000E+00
 0.747656909E+00  0.261722746E-01  0.000000000E+00
 0.750164457E+00  0.259300590E-01  0.000000000E+00
 0.752671978E+00  0.256875758E-01  0.000000000E+00
 0.755179474E+00  0.254448181E-01  0.000000000E+00
 0.757686942E+00  0.252017782E-01  0.000000000E+00
 0.760194381E+00  0.249584484E-01  0.000000000E+00
 0.762701792E+00  0.247148207E-01  0.000000000E+00
 0.765209173E+00  0.244708880E-01  0.000000000E+00
 0.767716524E+00  0.242266433E-01  0.000000000E+00
 0.770223844E+00  0.239820797E-01  0.000000000E+00
 0.772731132E+00  0.237371886E-01  0.000000000E+00
 0.775238386E+00  0.234919602E-01  0.000000000E+00
 0.777745607E+00  0.232463855E-01  0.000000000E+00
 0.780252794E+00  0.230004622E-01  0.000000000E+00
 0.782759947E+00  0.227541939E-01  0.000000000E+00
 0.785267066E+00  0.225075849E-01  0.000000000E+00
 0.787774153E+00  0.222606461E-01  0.000000000E+00
 0.790281209E+00  0.220133935E-01  0.000000000E+00
 0.792788236E+00  0.217658432E-01  0.000000000E+00
 0.795295235E+00  0.215180096E-01  0.000000000E+00
 0.797802207E+00  0.212699059E-01  0.000000000E+00
 0.800309153E+00  0.210215456E-01  0.000000000E+00
 0.802816075E+00  0.207729427E-01  0.000000000E+00
 0.805322975E+00  0.205241116E-01  0.000000000E+00
 0.807829854E+00  0.202750664E-01  0.000000000E+00
 0.810336712E+00  0.200258206E-01  0.000000000E+00
 0.812843552E+00  0.197763875E-01  0.000000000E+00
 0.815350375E+00  0.195267813E-01  0.000000000E+00
 0.817857182E+00  0.192770182E-01  0.000000000E+00
 0.820363975E+00  0.190271144E-01  0.000000000E+00
 0.822870755E+00  0.187770781E-01  0.000000000E+00
 0.825377522E+00  0.185269108E-01  0.000000000E+00
 0.827884276E+00  0.182766118E-01  0.000000000E+00
 0.830391015E+00  0.180261712E-01  0.000000000E+00
 0.832897739E+00  0.177755755E-01  0.000000000E+00
 0.835404447E+00  0.175248124E-01  0.000000000E+00
 0.837911136E+00  0.172738714E-01  0.000000000E+00
 0.840417807E+00  0.170227424E-01  0.000000000E+00
 0.842924341E+00  0.167714260E-01  0.000000000E+00
 0.845430329E+00  0.165199524E-01  0.000000000E+00
 0.847935172E+00  0.162683706E-01  0.000000000E+00
 0.850438275E+00  0.160167301E-01  0.000000000E+00
 0.852939025E+00  0.157650824E-01  0.000000000E+00
 0.855436782E+00  0.155134810E-01  0.000000000E+00
 0.857930890E+00  0.152619814E-01  0.000000000E+00
 0.860420667E+00  0.150106440E-01  0.000000000E+00
 0.862905413E+00  0.147595335E-01  0.000000000E+00
 0.865384404E+00  0.145087212E-01  0.000000000E+00
 0.867856897E+00  0.142582896E-01  0.000000000E+00
 0.870322129E+00  0.140083250E-01  0.000000000E+00
 0.872779312E+00  0.137589150E-01  0.000000000E+00
 0.875227638E+00  0.135101486E-01  0.000000000E+00
 0.877666278E+00  0.132621181E-01  0.000000000E+00
 0.880094382E+00  0.130149181E-01  0.000000000E+00
 0.882511075E+00  0.127686459E-01  0.000000000E+00
 0.884915465E+00  0.125234012E-01  0.000000000E+00
 0.887306635E+00  0.122792854E-01  0.000000000E+00
 0.889683649E+00  0.120364010E-01  0.000000000E+00
 0.892045547E+00  0.117948553E-01  0.000000000E+00
 0.894391348E+00  0.115547624E-01  0.000000000E+00
 0.896720051E+00  0.113162301E-01  0.000000000E+00
 0.899030630E+00  0.110793398E-01  0.000000000E+00
 0.901322034E+00  0.108441671E-01  0.000000000E+00
 0.903593192E+00  0.106107748E-01  0.000000000E+00
 0.905843008E+00  0.103792287E-01  0.000000000E+00
 0.908070370E+00  0.101496044E-01  0.000000000E+00
 0.910274139E+00  0.992198408E-02  0.000000000E+00
 0.912453160E+00  0.969645435E-02  0.000000000E+00
 0.914606253E+00  0.947310826E-02  0.000000000E+00
 0.916732221E+00  0.925204539E-02  0.000000000E+00
 0.918829840E+00  0.903337203E-02  0.000000000E+00
 0.920897869E+00  0.881719995E-02  0.000000000E+00
 0.922935046E+00  0.860364827E-02  0.000000000E+00
 0.924940086E+00  0.839284480E-02  0.000000000E+00
 0.926911684E+00  0.818492063E-02  0.000000000E+00
 0.928848512E+00  0.798000661E-02  0.000000000E+00
 0.930749220E+00  0.777823707E-02  0.000000000E+00
 0.932612440E+00  0.757974852E-02  0.000000000E+00
 0.934436780E+00  0.738468692E-02  0.000000000E+00
 0.936220826E+00  0.719320838E-02  0.000000000E+00
 0.937963147E+00  0.700547770E-02  0.000000000E+00
 0.939662294E+00  0.682166805E-02  0.000000000E+00
 0.941316868E+00  0.664195322E-02  0.000000000E+00
 0.942925629E+00  0.646649625E-02  0.000000000E+00
 0.944487508E+00  0.629544684E-02  0.000000000E+00
 0.946001606E+00  0.612894105E-02  0.000000000E+00
 0.947467192E+00  0.596710067E-02  0.000000000E+00
 0.948883709E+00  0.581003202E-02  0.000000000E+00
 0.950250768E+00  0.565782552E-02  0.000000000E+00
 0.951568150E+00  0.551055444E-02  0.000000000E+00
 0.952835806E+00  0.536827587E-02  0.000000000E+00
 0.954053859E+00  0.523103034E-02  0.000000000E+00
 0.955222601E+00  0.509883947E-02  0.000000000E+00
 0.956342494E+00  0.497170506E-02  0.000000000E+00
 0.957414170E+00  0.484960829E-02  0.000000000E+00
 0.958438428E+00  0.473250923E-02  0.000000000E+00
 0.959416242E+00  0.462034571E-02  0.000000000E+00
 0.960348748E+00  0.451303420E-02  0.000000000E+00
 0.961237259E+00  0.441046828E-02  0.000000000E+00
 0.962083254E+00  0.431251906E-02  0.000000000E+00
 0.962888381E+00  0.421903468E-02  0.000000000E+00
 0.963654459E+00  0.412984029E-02  0.000000000E+00
 0.964383475E+00  0.404473776E-02  0.000000000E+00
 0.965077586E+00  0.396350582E-02  0.000000000E+00
 0.965739118E+00  0.388589953E-02  0.000000000E+00
 0.966370569E+00  0.381165080E-02  0.000000000E+00
 0.966974602E+00  0.374046780E-02  0.000000000E+00
 0.967554051E+00  0.367203536E-02  0.000000000E+00
 0.968111922E+00  0.360601465E-02  0.000000000E+00
 0.968651387E+00  0.354204363E-02  0.000000000E+00
 0.969175789E+00  0.347973761E-02  0.000000000E+00
 0.969688640E+00  0.341868792E-02  0.000000000E+00
 0.970193621E+00  0.335846280E-02  0.000000000E+00
 0.970694584E+00  0.329860578E-02  0.000000000E+00
 0.971194815E+00  0.323872338E-02  0.000000000E+00
 0.971694957E+00  0.317873644E-02  0.000000000E+00
 0.972194861E+00  0.311866118E-02  0.000000000E+00
 0.972694381E+00  0.305852308E-02  0.000000000E+00
 0.973193344E+00  0.299835753E-02  0.000000000E+00
 0.973691554E+00  0.293820310E-02  0.000000000E+00
 0.974188792E+00  0.287810251E-02  0.000000000E+00
 0.974684813E+00  0.281810536E-02  0.000000000E+00
 0.975179349E+00  0.275826462E-02  0.000000000E+00
 0.975672104E+00  0.269863612E-02  0.000000000E+00
 0.976162760E+00  0.263927693E-02  0.000000000E+00
 0.976650973E+00  0.258024619E-02  0.000000000E+00
 0.977136376E+00  0.252160557E-02  0.000000000E+00
 0.977618574E+00  0.246341918E-02  0.000000000E+00
 0.978097151E+00  0.240575327E-02  0.000000000E+00
 0.978571663E+00  0.234867619E-02  0.000000000E+00
 0.979041641E+00  0.229225798E-02  0.000000000E+00
 0.979506594E+00  0.223656994E-02  0.000000000E+00
 0.979966005E+00  0.218168509E-02  0.000000000E+00
 0.980419330E+00  0.212767782E-02  0.000000000E+00
 0.980866002E+00  0.207462359E-02  0.000000000E+00
 0.981305430E+00  0.202259863E-02  0.000000000E+00
 0.981736995E+00  0.197168036E-02  0.000000000E+00
 0.982160055E+00  0.192194659E-02  0.000000000E+00
 0.982573945E+00  0.187347576E-02  0.000000000E+00
 0.982977969E+00  0.182634716E-02  0.000000000E+00
 0.983371413E+00  0.178064014E-02  0.000000000E+00
 0.983753532E+00  0.173643467E-02  0.000000000E+00
 0.984123561E+00  0.169381069E-02  0.000000000E+00
 0.984480707E+00  0.165284866E-02  0.000000000E+00
 0.984824166E+00  0.161362795E-02  0.000000000E+00
 0.985153217E+00  0.157621619E-02  0.000000000E+00
 0.985467269E+00  0.154066413E-02  0.000000000E+00
 0.985765871E+00  0.150700548E-02  0.000000000E+00
 0.986048711E+00  0.147525737E-02  0.000000000E+00
 0.986315612E+00  0.144542052E-02  0.000000000E+00
 0.986566537E+00  0.141748028E-02  0.000000000E+00
 0.986801586E+00  0.139140727E-02  0.000000000E+00
 0.987020996E+00  0.136715807E-02  0.000000000E+00
 0.987225143E+00  0.134467515E-02  0.000000000E+00
 0.987414542E+00  0.132388637E-02  0.000000000E+00
 0.987589844E+00  0.130470336E-02  0.000000000E+00
 0.987751840E+00  0.128702410E-02  0.000000000E+00
 0.987901455E+00  0.127073477E-02  0.000000000E+00
 0.988039756E+00  0.125570864E-02  0.000000000E+00
 0.988167947E+00  0.124180618E-02  0.000000000E+00
 0.988287370E+00  0.122887497E-02  0.000000000E+00
 0.988399506E+00  0.121674955E-02  0.000000000E+00
 0.988505973E+00  0.120525104E-02  0.000000000E+00
 0.988608525E+00  0.119418710E-02  0.000000000E+00
 0.988709058E+00  0.118335117E-02  0.000000000E+00
 0.988809185E+00  0.117256808E-02  0.000000000E+00
 0.988908590E+00  0.116187109E-02  0.000000000E+00
 0.989006712E+00  0.115132040E-02  0.000000000E+00
 0.989102999E+00  0.114097543E-02  0.000000000E+00
 0.989196958E+00  0.113088881E-02  0.000000000E+00
 0.989288159E+00  0.112110467E-02  0.000000000E+00
 0.989376235E+00  0.111165760E-02  0.000000000E+00
 0.989460877E+00  0.110257630E-02  0.000000000E+00
 0.989541888E+00  0.109388075E-02  0.000000000E+00
 0.989619286E+00  0.108558042E-02  0.000000000E+00
 0.989693326E+00  0.107766042E-02  0.000000000E+00
 0.989764495E+00  0.107006768E-02  0.000000000E+00
 0.989833518E+00  0.106267284E-02  0.000000000E+00
 0.989901353E+00  0.105532702E-02  0.000000000E+00
 0.989968992E+00  0.104815686E-02  0.000000000E+00
 0.990036617E+00  0.104082990E-02  0.000000000E+00
 0.990103822E+00  0.103035712E-02  0.000000000E+00
 0.990169767E+00  0.101367887E-02  0.000000000E+00
 0.990233845E+00  0.990864061E-03  0.000000000E+00
 0.990295317E+00  0.961745168E-03  0.000000000E+00
 0.990353256E+00  0.926113193E-03  0.000000000E+00
 0.990406440E+00  0.883709940E-03  0.000000000E+00
 0.990453215E+00  0.834322982E-03  0.000000000E+00
 0.990491328E+00  0.777988251E-03  0.000000000E+00
 0.990517927E+00  0.715376585E-03  0.000000000E+00
 0.990529837E+00  0.648409469E-03  0.000000000E+00
 0.990524890E+00  0.581163978E-03  0.000000000E+00
 0.990503263E+00  0.517306493E-03  0.000000000E+00
 0.990467216E+00  0.460318804E-03  0.000000000E+00
 0.990420238E+00  0.411958642E-03  0.000000000E+00
 0.990365520E+00  0.372562832E-03  0.000000000E+00
 0.990305554E+00  0.341744201E-03  0.000000000E+00
 0.990242123E+00  0.318886780E-03  0.000000000E+00
 0.990176505E+00  0.303403926E-03  0.000000000E+00
 0.990109637E+00  0.294737760E-03  0.000000000E+00
 0.990042252E+00  0.292731572E-03  0.000000000E+00
 0.989974847E+00  0.294374962E-03  0.000000000E+00
 0.989907464E+00  0.296524665E-03  0.000000000E+00
 0.989839860E+00  0.298436193E-03  0.000000000E+00
 0.989771074E+00  0.300243437E-03  0.000000000E+00
 0.989700151E+00  0.302085811E-03  0.000000000E+00
 0.989626368E+00  0.304054103E-03  0.000000000E+00
 0.989549238E+00  0.306162957E-03  0.000000000E+00
 0.989468509E+00  0.308414210E-03  0.000000000E+00
 0.989384164E+00  0.310800447E-03  0.000000000E+00
 0.989296398E+00  0.313304766E-03  0.000000000E+00
 0.989205518E+00  0.315903259E-03  0.000000000E+00
 0.989111888E+00  0.318566817E-03  0.000000000E+00
 0.989015937E+00  0.321270890E-03  0.000000000E+00
 0.988918155E+00  0.324001114E-03  0.000000000E+00
 0.988819093E+00  0.326742991E-03  0.000000000E+00
 0.988719310E+00  0.329482523E-03  0.000000000E+00
 0.988619120E+00  0.332212885E-03  0.000000000E+00
 0.988516917E+00  0.334979462E-03  0.000000000E+00
 0.988410810E+00  0.337834296E-03  0.000000000E+00
 0.988299051E+00  0.340824906E-03  0.000000000E+00
 0.988180027E+00  0.343994985E-03  0.000000000E+00
 0.988052262E+00  0.347383266E-03  0.000000000E+00
 0.987914417E+00  0.351020235E-03  0.000000000E+00
 0.987765292E+00  0.354930058E-03  0.000000000E+00
 0.987603821E+00  0.359130719E-03  0.000000000E+00
 0.987429081E+00  0.363633325E-03  0.000000000E+00
 0.987240280E+00  0.368441586E-03  0.000000000E+00
 0.987036768E+00  0.373550991E-03  0.000000000E+00
 0.986818029E+00  0.378948097E-03  0.000000000E+00
 0.986583685E+00  0.384613603E-03  0.000000000E+00
 0.986333498E+00  0.390530625E-03  0.000000000E+00
 0.986067366E+00  0.396679596E-03  0.000000000E+00
 0.985785323E+00  0.403037528E-03  0.000000000E+00
 0.985487542E+00  0.409578649E-03  0.000000000E+00
 0.985174333E+00  0.416274988E-03  0.000000000E+00
 0.984846143E+00  0.423096737E-03  0.000000000E+00
 0.984503559E+00  0.430009540E-03  0.000000000E+00
 0.984147299E+00  0.436975752E-03  0.000000000E+00
 0.983778163E+00  0.443957638E-03  0.000000000E+00
 0.983396939E+00  0.450919543E-03  0.000000000E+00
 0.983004391E+00  0.457828248E-03  0.000000000E+00
 0.982601259E+00  0.464653052E-03  0.000000000E+00
 0.982188258E+00  0.471367050E-03  0.000000000E+00
 0.981766079E+00  0.477946883E-03  0.000000000E+00
 0.981335387E+00  0.484372019E-03  0.000000000E+00
 0.980896824E+00  0.490624643E-03  0.000000000E+00
 0.980451006E+00  0.496689540E-03  0.000000000E+00
 0.979998525E+00  0.502554077E-03  0.000000000E+00
 0.979539948E+00  0.508207594E-03  0.000000000E+00
 0.979075819E+00  0.513641054E-03  0.000000000E+00
 0.978606655E+00  0.518847493E-03  0.000000000E+00
 0.978132949E+00  0.523821973E-03  0.000000000E+00
 0.977655170E+00  0.528561394E-03  0.000000000E+00
 0.977173763E+00  0.533064408E-03  0.000000000E+00
 0.976689147E+00  0.537331348E-03  0.000000000E+00
 0.976201715E+00  0.541365109E-03  0.000000000E+00
 0.975711840E+00  0.545170946E-03  0.000000000E+00
 0.975219866E+00  0.548755434E-03  0.000000000E+00
 0.974726111E+00  0.552126293E-03  0.000000000E+00
 0.974230876E+00  0.555292235E-03  0.000000000E+00
 0.973734429E+00  0.558262872E-03  0.000000000E+00
 0.973237018E+00  0.561048576E-03  0.000000000E+00
 0.972738865E+00  0.563659154E-03  0.000000000E+00
 0.972240166E+00  0.566099203E-03  0.000000000E+00
 0.971741095E+00  0.568372069E-03  0.000000000E+00
 0.971241799E+00  0.570481454E-03  0.000000000E+00
 0.970742428E+00  0.572431265E-03  0.000000000E+00
 0.970242339E+00  0.574228323E-03  0.000000000E+00
 0.969738251E+00  0.575886985E-03  0.000000000E+00
 0.969226320E+00  0.577419425E-03  0.000000000E+00
 0.968702874E+00  0.578833094E-03  0.000000000E+00
 0.968164404E+00  0.580128398E-03  0.000000000E+00
 0.967607578E+00  0.581297234E-03  0.000000000E+00
 0.967029231E+00  0.582326037E-03  0.000000000E+00
 0.966426363E+00  0.583195826E-03  0.000000000E+00
 0.965796151E+00  0.583881969E-03  0.000000000E+00
 0.965135935E+00  0.584353925E-03  0.000000000E+00
 0.964443229E+00  0.584574955E-03  0.000000000E+00
 0.963715713E+00  0.584501857E-03  0.000000000E+00
 0.962951238E+00  0.584086208E-03  0.000000000E+00
 0.962147825E+00  0.583275284E-03  0.000000000E+00
 0.961303664E+00  0.582010474E-03  0.000000000E+00
 0.960417115E+00  0.580227142E-03  0.000000000E+00
 0.959486706E+00  0.577854669E-03  0.000000000E+00
 0.958511134E+00  0.574816530E-03  0.000000000E+00
 0.957489271E+00  0.571029896E-03  0.000000000E+00
 0.956420151E+00  0.566403452E-03  0.000000000E+00
 0.955302983E+00  0.560838832E-03  0.000000000E+00
 0.954137144E+00  0.554231398E-03  0.000000000E+00
 0.952922180E+00  0.546470494E-03  0.000000000E+00
 0.951657806E+00  0.537440103E-03  0.000000000E+00
 0.950343909E+00  0.527027474E-03  0.000000000E+00
 0.948980543E+00  0.515126275E-03  0.000000000E+00
 0.947567933E+00  0.501630654E-03  0.000000000E+00
 0.946106475E+00  0.486435894E-03  0.000000000E+00
 0.944596731E+00  0.469439817E-03  0.000000000E+00
 0.943039435E+00  0.450551670E-03  0.000000000E+00
 0.941435491E+00  0.429694195E-03  0.000000000E+00
 0.939785970E+00  0.406798875E-03  0.000000000E+00
 0.938092114E+00  0.381806987E-03  0.000000000E+00
 0.936355319E+00  0.354670214E-03  0.000000000E+00
 0.934577037E+00  0.325348363E-03  0.000000000E+00
 0.932758696E+00  0.293809525E-03  0.000000000E+00
 0.930901706E+00  0.260030900E-03  0.000000000E+00
 0.929007458E+00  0.223998891E-03  0.000000000E+00
 0.927077316E+00  0.185706883E-03  0.000000000E+00
 0.925112626E+00  0.145153162E-03  0.000000000E+00
 0.923114711E+00  0.102344222E-03  0.000000000E+00
 0.921084872E+00  0.572950249E-04  0.000000000E+00
 0.919024390E+00  0.100263501E-04  0.000000000E+00
 0.916934523E+00 -0.394619636E-04  0.000000000E+00
 0.914816508E+00 -0.911821171E-04  0.000000000E+00
 0.912671563E+00 -0.145142359E-03  0.000000000E+00
 0.910500881E+00 -0.201346974E-03  0.000000000E+00
 0.908305636E+00 -0.259795107E-03  0.000000000E+00
 0.906086977E+00 -0.320478219E-03  0.000000000E+00
 0.903846035E+00 -0.383382693E-03  0.000000000E+00
 0.901583917E+00 -0.448490876E-03  0.000000000E+00
 0.899301711E+00 -0.515781059E-03  0.000000000E+00
 0.897000480E+00 -0.585228277E-03  0.000000000E+00
 0.894681268E+00 -0.656804742E-03  0.000000000E+00
 0.892345096E+00 -0.730479354E-03  0.000000000E+00
 0.889992963E+00 -0.806217577E-03  0.000000000E+00
 0.887625848E+00 -0.883981692E-03  0.000000000E+00
 0.885244707E+00 -0.963731817E-03  0.000000000E+00
 0.882850475E+00 -0.104542658E-02  0.000000000E+00
 0.880444065E+00 -0.112902199E-02  0.000000000E+00
 0.878026369E+00 -0.121447163E-02  0.000000000E+00
 0.875598256E+00 -0.130172669E-02  0.000000000E+00
 0.873160576E+00 -0.139073561E-02  0.000000000E+00
 0.870714154E+00 -0.148144348E-02  0.000000000E+00
 0.868259794E+00 -0.157379348E-02  0.000000000E+00
 0.865798281E+00 -0.166772693E-02  0.000000000E+00
 0.863330377E+00 -0.176318372E-02  0.000000000E+00
 0.860856820E+00 -0.186010328E-02  0.000000000E+00
 0.858378331E+00 -0.195842875E-02  0.000000000E+00
 0.855895605E+00 -0.205810419E-02  0.000000000E+00
 0.853409319E+00 -0.215907282E-02  0.000000000E+00
 0.850920125E+00 -0.226127726E-02  0.000000000E+00
 0.848428657E+00 -0.236465953E-02  0.000000000E+00
 0.845935525E+00 -0.246916929E-02  0.000000000E+00
 0.843441319E+00 -0.257477121E-02  0.000000000E+00
 0.840946635E+00 -0.268143054E-02  0.000000000E+00
 0.838451878E+00 -0.278911967E-02  0.000000000E+00
 0.835957166E+00 -0.289782308E-02  0.000000000E+00
 0.833462498E+00 -0.300753015E-02  0.000000000E+00
 0.830967873E+00 -0.311822945E-02  0.000000000E+00
 0.828473293E+00 -0.322990817E-02  0.000000000E+00
 0.825978755E+00 -0.334255336E-02  0.000000000E+00
 0.823484261E+00 -0.345615208E-02  0.000000000E+00
 0.820989810E+00 -0.357069137E-02  0.000000000E+00
 0.818495401E+00 -0.368615829E-02  0.000000000E+00
 0.816001036E+00 -0.380253941E-02  0.000000000E+00
 0.813506712E+00 -0.391981951E-02  0.000000000E+00
 0.811012430E+00 -0.403798293E-02  0.000000000E+00
 0.808518189E+00 -0.415701401E-02  0.000000000E+00
 0.806023989E+00 -0.427689710E-02  0.000000000E+00
 0.803529829E+00 -0.439761653E-02  0.000000000E+00
 0.801035710E+00 -0.451915662E-02  0.000000000E+00
 0.798541629E+00 -0.464150050E-02  0.000000000E+00
 0.796047588E+00 -0.476462979E-02  0.000000000E+00
 0.793553584E+00 -0.488852601E-02  0.000000000E+00
 0.791059617E+00 -0.501317067E-02  0.000000000E+00
 0.788565688E+00 -0.513854529E-02  0.000000000E+00
 0.786071794E+00 -0.526463138E-02  0.000000000E+00
 0.783577935E+00 -0.539141048E-02  0.000000000E+00
 0.781084110E+00 -0.551886441E-02  0.000000000E+00
 0.778590320E+00 -0.564697530E-02  0.000000000E+00
 0.776096562E+00 -0.577572532E-02  0.000000000E+00
 0.773602836E+00 -0.590509662E-02  0.000000000E+00
 0.771109142E+00 -0.603507136E-02  0.000000000E+00
 0.768615478E+00 -0.616563170E-02  0.000000000E+00
 0.766121844E+00 -0.629675981E-02  0.000000000E+00
 0.763628240E+00 -0.642843835E-02  0.000000000E+00
 0.761134663E+00 -0.656065111E-02  0.000000000E+00
 0.758641114E+00 -0.669338205E-02  0.000000000E+00
 0.756147592E+00 -0.682661509E-02  0.000000000E+00
 0.753654096E+00 -0.696033419E-02  0.000000000E+00
 0.751160625E+00 -0.709452327E-02  0.000000000E+00
 0.748667179E+00 -0.722916629E-02  0.000000000E+00
 0.746173756E+00 -0.736424723E-02  0.000000000E+00
 0.743680356E+00 -0.749975053E-02  0.000000000E+00
 0.741186978E+00 -0.763566098E-02  0.000000000E+00
 0.738693622E+00 -0.777196337E-02  0.000000000E+00
 0.736200287E+00 -0.790864248E-02  0.000000000E+00
 0.733706971E+00 -0.804568311E-02  0.000000000E+00
 0.731213674E+00 -0.818307005E-02  0.000000000E+00
 0.728720396E+00 -0.832078808E-02  0.000000000E+00
 0.726227135E+00 -0.845882167E-02  0.000000000E+00
 0.723733891E+00 -0.859715300E-02  0.000000000E+00
 0.721240662E+00 -0.873576315E-02  0.000000000E+00
 0.718747447E+00 -0.887463322E-02  0.000000000E+00
 0.716254246E+00 -0.901374429E-02  0.000000000E+00
 0.713761058E+00 -0.915307745E-02  0.000000000E+00
 0.711267880E+00 -0.929261379E-02  0.000000000E+00
 0.708774714E+00 -0.943233441E-02  0.000000000E+00
 0.706281556E+00 -0.957222021E-02  0.000000000E+00
 0.703788406E+00 -0.971225002E-02  0.000000000E+00
 0.701295264E+00 -0.985240135E-02  0.000000000E+00
 0.698802127E+00 -0.999265168E-02  0.000000000E+00
 0.696308994E+00 -0.101329785E-01  0.000000000E+00
 0.693815864E+00 -0.102733593E-01  0.000000000E+00
 0.691322736E+00 -0.104137715E-01  0.000000000E+00
 0.688829609E+00 -0.105541926E-01  0.000000000E+00
 0.686336480E+00 -0.106946001E-01  0.000000000E+00
 0.683843350E+00 -0.108349723E-01  0.000000000E+00
 0.681350217E+00 -0.109752890E-01  0.000000000E+00
 0.678857079E+00 -0.111155299E-01  0.000000000E+00
 0.676363936E+00 -0.112556750E-01  0.000000000E+00
 0.673870786E+00 -0.113957040E-01  0.000000000E+00
 0.671377629E+00 -0.115355968E-01  0.000000000E+00
 0.668884463E+00 -0.116753332E-01  0.000000000E+00
 0.666391287E+00 -0.118148932E-01  0.000000000E+00
 0.663898100E+00 -0.119542571E-01  0.000000000E+00
 0.661404902E+00 -0.120934115E-01  0.000000000E+00
 0.658911691E+00 -0.122323469E-01  0.000000000E+00
 0.656418468E+00 -0.123710538E-01  0.000000000E+00
 0.653925231E+00 -0.125095227E-01  0.000000000E+00
 0.651431980E+00 -0.126477441E-01  0.000000000E+00
 0.648938716E+00 -0.127857085E-01  0.000000000E+00
 0.646445436E+00 -0.129234064E-01  0.000000000E+00
 0.643952141E+00 -0.130608283E-01  0.000000000E+00
 0.641458831E+00 -0.131979645E-01  0.000000000E+00
 0.638965504E+00 -0.133348040E-01  0.000000000E+00
 0.636472160E+00 -0.134713355E-01  0.000000000E+00
 0.633978799E+00 -0.136075475E-01  0.000000000E+00
 0.631485420E+00 -0.137434287E-01  0.000000000E+00
 0.628992022E+00 -0.138789676E-01  0.000000000E+00
 0.626498605E+00 -0.140141528E-01  0.000000000E+00
 0.624005168E+00 -0.141489730E-01  0.000000000E+00
 0.621511711E+00 -0.142834167E-01  0.000000000E+00
 0.619018233E+00 -0.144174736E-01  0.000000000E+00
 0.616524734E+00 -0.145511391E-01  0.000000000E+00
 0.614031214E+00 -0.146844111E-01  0.000000000E+00
 0.611537673E+00 -0.148172872E-01  0.000000000E+00
 0.609044111E+00 -0.149497651E-01  0.000000000E+00
 0.606550527E+00 -0.150818425E-01  0.000000000E+00
 0.604056922E+00 -0.152135172E-01  0.000000000E+00
 0.601563296E+00 -0.153447868E-01  0.000000000E+00
 0.599069648E+00 -0.154756491E-01  0.000000000E+00
 0.596575979E+00 -0.156061018E-01  0.000000000E+00
 0.594082288E+00 -0.157361436E-01  0.000000000E+00
 0.591588576E+00 -0.158657733E-01  0.000000000E+00
 0.589094842E+00 -0.159949899E-01  0.000000000E+00
 0.586601087E+00 -0.161237926E-01  0.000000000E+00
 0.584107311E+00 -0.162521801E-01  0.000000000E+00
 0.581613513E+00 -0.163801516E-01  0.000000000E+00
 0.579119694E+00 -0.165077061E-01  0.000000000E+00
 0.576625854E+00 -0.166348424E-01  0.000000000E+00
 0.574131992E+00 -0.167615596E-01  0.000000000E+00
 0.571638109E+00 -0.168878569E-01  0.000000000E+00
 0.569144204E+00 -0.170137337E-01  0.000000000E+00
 0.566650279E+00 -0.171391893E-01  0.000000000E+00
 0.564156332E+00 -0.172642232E-01  0.000000000E+00
 0.561662364E+00 -0.173888347E-01  0.000000000E+00
 0.559168375E+00 -0.175130233E-01  0.000000000E+00
 0.556674365E+00 -0.176367884E-01  0.000000000E+00
 0.554180334E+00 -0.177601293E-01  0.000000000E+00
 0.551686282E+00 -0.178830455E-01  0.000000000E+00
 0.549192209E+00 -0.180055367E-01  0.000000000E+00
 0.546698115E+00 -0.181276032E-01  0.000000000E+00
 0.544204000E+00 -0.182492456E-01  0.000000000E+00
 0.541709865E+00 -0.183704646E-01  0.000000000E+00
 0.539215710E+00 -0.184912607E-01  0.000000000E+00
 0.536721533E+00 -0.186116345E-01  0.000000000E+00
 0.534227337E+00 -0.187315867E-01  0.000000000E+00
 0.531733120E+00 -0.188511177E-01  0.000000000E+00
 0.529238884E+00 -0.189702282E-01  0.000000000E+00
 0.526744627E+00 -0.190889186E-01  0.000000000E+00
 0.524250350E+00 -0.192071885E-01  0.000000000E+00
 0.521756054E+00 -0.193250367E-01  0.000000000E+00
 0.519261737E+00 -0.194424619E-01  0.000000000E+00
 0.516767400E+00 -0.195594632E-01  0.000000000E+00
 0.514273044E+00 -0.196760392E-01  0.000000000E+00
 0.511778668E+00 -0.197921889E-01  0.000000000E+00
 0.509284271E+00 -0.199079110E-01  0.000000000E+00
 0.506789855E+00 -0.200232045E-01  0.000000000E+00
 0.504295419E+00 -0.201380681E-01  0.000000000E+00
 0.501800964E+00 -0.202524993E-01  0.000000000E+00
 0.499306488E+00 -0.203664932E-01  0.000000000E+00
 0.496811992E+00 -0.204800443E-01  0.000000000E+00
 0.494317475E+00 -0.205931472E-01  0.000000000E+00
 0.491822938E+00 -0.207057967E-01  0.000000000E+00
 0.489328381E+00 -0.208179874E-01  0.000000000E+00
 0.486833802E+00 -0.209297138E-01  0.000000000E+00
 0.484339203E+00 -0.210409706E-01  0.000000000E+00
 0.481844582E+00 -0.211517525E-01  0.000000000E+00
 0.479349941E+00 -0.212620542E-01  0.000000000E+00
 0.476855277E+00 -0.213718707E-01  0.000000000E+00
 0.474360593E+00 -0.214811975E-01  0.000000000E+00
 0.471865886E+00 -0.215900297E-01  0.000000000E+00
 0.469371158E+00 -0.216983626E-01  0.000000000E+00
 0.466876408E+00 -0.218061917E-01  0.000000000E+00
 0.464381636E+00 -0.219135121E-01  0.000000000E+00
 0.461886842E+00 -0.220203192E-01  0.000000000E+00
 0.459392026E+00 -0.221266084E-01  0.000000000E+00
 0.456897188E+00 -0.222323748E-01  0.000000000E+00
 0.454402327E+00 -0.223376142E-01  0.000000000E+00
 0.451907444E+00 -0.224423226E-01  0.000000000E+00
 0.449412539E+00 -0.225464963E-01  0.000000000E+00
 0.446917611E+00 -0.226501313E-01  0.000000000E+00
 0.444422661E+00 -0.227532237E-01  0.000000000E+00
 0.441927688E+00 -0.228557697E-01  0.000000000E+00
 0.439432692E+00 -0.229577655E-01  0.000000000E+00
 0.436937675E+00 -0.230592071E-01  0.000000000E+00
 0.434442634E+00 -0.231600906E-01  0.000000000E+00
 0.431947571E+00 -0.232604124E-01  0.000000000E+00
 0.429452485E+00 -0.233601686E-01  0.000000000E+00
 0.426957376E+00 -0.234593558E-01  0.000000000E+00
 0.424462245E+00 -0.235579702E-01  0.000000000E+00
 0.421967091E+00 -0.236560083E-01  0.000000000E+00
 0.419471914E+00 -0.237534664E-01  0.000000000E+00
 0.416976715E+00 -0.238503409E-01  0.000000000E+00
 0.414481492E+00 -0.239466282E-01  0.000000000E+00
 0.411986247E+00 -0.240423248E-01  0.000000000E+00
 0.409490980E+00 -0.241374267E-01  0.000000000E+00
 0.406995689E+00 -0.242319294E-01  0.000000000E+00
 0.404500376E+00 -0.243258279E-01  0.000000000E+00
 0.402005040E+00 -0.244191173E-01  0.000000000E+00
 0.399509681E+00 -0.245117925E-01  0.000000000E+00
 0.397014299E+00 -0.246038485E-01  0.000000000E+00
 0.394518894E+00 -0.246952805E-01  0.000000000E+00
 0.392023466E+00 -0.247860833E-01  0.000000000E+00
 0.389528015E+00 -0.248762522E-01  0.000000000E+00
 0.387032541E+00 -0.249657820E-01  0.000000000E+00
 0.384537044E+00 -0.250546683E-01  0.000000000E+00
 0.382041524E+00 -0.251429069E-01  0.000000000E+00
 0.379545982E+00 -0.252304934E-01  0.000000000E+00
 0.377050416E+00 -0.253174235E-01  0.000000000E+00
 0.374554827E+00 -0.254036930E-01  0.000000000E+00
 0.372059215E+00 -0.254892974E-01  0.000000000E+00
 0.369563581E+00 -0.255742326E-01  0.000000000E+00
 0.367067923E+00 -0.256584943E-01  0.000000000E+00
 0.364572243E+00 -0.257420776E-01  0.000000000E+00
 0.362076540E+00 -0.258249748E-01  0.000000000E+00
 0.359580814E+00 -0.259071770E-01  0.000000000E+00
 0.357085065E+00 -0.259886752E-01  0.000000000E+00
 0.354589292E+00 -0.260694605E-01  0.000000000E+00
 0.352093497E+00 -0.261495240E-01  0.000000000E+00
 0.349597678E+00 -0.262288566E-01  0.000000000E+00
 0.347101835E+00 -0.263074496E-01  0.000000000E+00
 0.344605970E+00 -0.263852938E-01  0.000000000E+00
 0.342110080E+00 -0.264623789E-01  0.000000000E+00
 0.339614167E+00 -0.265386903E-01  0.000000000E+00
 0.337118229E+00 -0.266142126E-01  0.000000000E+00
 0.334622268E+00 -0.266889302E-01  0.000000000E+00
 0.332126282E+00 -0.267628277E-01  0.000000000E+00
 0.329630271E+00 -0.268358898E-01  0.000000000E+00
 0.327134236E+00 -0.269081009E-01  0.000000000E+00
 0.324638176E+00 -0.269794457E-01  0.000000000E+00
 0.322142090E+00 -0.270499088E-01  0.000000000E+00
 0.319645980E+00 -0.271194753E-01  0.000000000E+00
 0.317149844E+00 -0.271881308E-01  0.000000000E+00
 0.314653683E+00 -0.272558609E-01  0.000000000E+00
 0.312157496E+00 -0.273226513E-01  0.000000000E+00
 0.309661284E+00 -0.273884876E-01  0.000000000E+00
 0.307165047E+00 -0.274533555E-01  0.000000000E+00
 0.304668785E+00 -0.275172405E-01  0.000000000E+00
 0.302172497E+00 -0.275801283E-01  0.000000000E+00
 0.299676183E+00 -0.276420024E-01  0.000000000E+00
 0.297179844E+00 -0.277028426E-01  0.000000000E+00
 0.294683480E+00 -0.277626286E-01  0.000000000E+00
 0.292187090E+00 -0.278213397E-01  0.000000000E+00
 0.289690675E+00 -0.278789556E-01  0.000000000E+00
 0.287194234E+00 -0.279354557E-01  0.000000000E+00
 0.284697768E+00 -0.279908195E-01  0.000000000E+00
 0.282201276E+00 -0.280450267E-01  0.000000000E+00
 0.279704759E+00 -0.280980572E-01  0.000000000E+00
 0.277208217E+00 -0.281498926E-01  0.000000000E+00
 0.274711649E+00 -0.282005143E-01  0.000000000E+00
 0.272215058E+00 -0.282499039E-01  0.000000000E+00
 0.269718441E+00 -0.282980429E-01  0.000000000E+00
 0.267221801E+00 -0.283449129E-01  0.000000000E+00
 0.264725136E+00 -0.283904953E-01  0.000000000E+00
 0.262228448E+00 -0.284347716E-01  0.000000000E+00
 0.259731737E+00 -0.284777185E-01  0.000000000E+00
 0.257235002E+00 -0.285193075E-01  0.000000000E+00
 0.254738245E+00 -0.285595103E-01  0.000000000E+00
 0.252241466E+00 -0.285982983E-01  0.000000000E+00
 0.249744665E+00 -0.286356430E-01  0.000000000E+00
 0.247247842E+00 -0.286715159E-01  0.000000000E+00
 0.244750997E+00 -0.287058884E-01  0.000000000E+00
 0.242254135E+00 -0.287387314E-01  0.000000000E+00
 0.239758329E+00 -0.287700002E-01  0.000000000E+00
 0.237268840E+00 -0.287996037E-01  0.000000000E+00
 0.234791649E+00 -0.288274569E-01  0.000000000E+00
 0.232332338E+00 -0.288534950E-01  0.000000000E+00
 0.229896099E+00 -0.288776729E-01  0.000000000E+00
 0.227487726E+00 -0.288999640E-01  0.000000000E+00
 0.225111623E+00 -0.289203591E-01  0.000000000E+00
 0.222771798E+00 -0.289388636E-01  0.000000000E+00
 0.220471866E+00 -0.289554975E-01  0.000000000E+00
 0.218215047E+00 -0.289702943E-01  0.000000000E+00
 0.216004166E+00 -0.289832999E-01  0.000000000E+00
 0.213841657E+00 -0.289945709E-01  0.000000000E+00
 0.211729556E+00 -0.290041728E-01  0.000000000E+00
 0.209669509E+00 -0.290121789E-01  0.000000000E+00
 0.207662765E+00 -0.290186665E-01  0.000000000E+00
 0.205710180E+00 -0.290237099E-01  0.000000000E+00
 0.203812215E+00 -0.290273858E-01  0.000000000E+00
 0.201968937E+00 -0.290297741E-01  0.000000000E+00
 0.200180021E+00 -0.290309559E-01  0.000000000E+00
 0.198444746E+00 -0.290310128E-01  0.000000000E+00
 0.196761995E+00 -0.290300244E-01  0.000000000E+00
 0.195130284E+00 -0.290280679E-01  0.000000000E+00
 0.193547952E+00 -0.290252163E-01  0.000000000E+00
 0.192013283E+00 -0.290215390E-01  0.000000000E+00
 0.190524529E+00 -0.290171018E-01  0.000000000E+00
 0.189079896E+00 -0.290119664E-01  0.000000000E+00
 0.187677555E+00 -0.290061897E-01  0.000000000E+00
 0.186315635E+00 -0.289998240E-01  0.000000000E+00
 0.184992228E+00 -0.289929169E-01  0.000000000E+00
 0.183705383E+00 -0.289855112E-01  0.000000000E+00
 0.182453113E+00 -0.289776448E-01  0.000000000E+00
 0.181233387E+00 -0.289693508E-01  0.000000000E+00
 0.180044139E+00 -0.289606576E-01  0.000000000E+00
 0.178883261E+00 -0.289515887E-01  0.000000000E+00
 0.177748608E+00 -0.289421628E-01  0.000000000E+00
 0.176637990E+00 -0.289323937E-01  0.000000000E+00
 0.175549184E+00 -0.289222895E-01  0.000000000E+00
 0.174479925E+00 -0.289118535E-01  0.000000000E+00
 0.173427907E+00 -0.289010843E-01  0.000000000E+00
 0.172390786E+00 -0.288899756E-01  0.000000000E+00
 0.171366179E+00 -0.288785166E-01  0.000000000E+00
 0.170351662E+00 -0.288666915E-01  0.000000000E+00
 0.169344772E+00 -0.288544795E-01  0.000000000E+00
 0.168343007E+00 -0.288418550E-01  0.000000000E+00
 0.167343828E+00 -0.288287868E-01  0.000000000E+00
 0.166345086E+00 -0.288152449E-01  0.000000000E+00
 0.165346351E+00 -0.288012194E-01  0.000000000E+00
 0.164347623E+00 -0.287867058E-01  0.000000000E+00
 0.163348902E+00 -0.287716998E-01  0.000000000E+00
 0.162350189E+00 -0.287561972E-01  0.000000000E+00
 0.161351483E+00 -0.287401931E-01  0.000000000E+00
 0.160352786E+00 -0.287236826E-01  0.000000000E+00
 0.159354097E+00 -0.287066604E-01  0.000000000E+00
 0.158355417E+00 -0.286891215E-01  0.000000000E+00
 0.157356746E+00 -0.286710609E-01  0.000000000E+00
 0.156358085E+00 -0.286524734E-01  0.000000000E+00
 0.155359434E+00 -0.286333540E-01  0.000000000E+00
 0.154360794E+00 -0.286136976E-01  0.000000000E+00
 0.153362164E+00 -0.285934990E-01  0.000000000E+00
 0.152363546E+00 -0.285727532E-01  0.000000000E+00
 0.151364940E+00 -0.285514551E-01  0.000000000E+00
 0.150366345E+00 -0.285295996E-01  0.000000000E+00
 0.149367763E+00 -0.285071817E-01  0.000000000E+00
 0.148369193E+00 -0.284841962E-01  0.000000000E+00
 0.147370637E+00 -0.284606384E-01  0.000000000E+00
 0.146372095E+00 -0.284365038E-01  0.000000000E+00
 0.145373567E+00 -0.284117878E-01  0.000000000E+00
 0.144375053E+00 -0.283864860E-01  0.000000000E+00
 0.143376554E+00 -0.283605938E-01  0.000000000E+00
 0.142378072E+00 -0.283341068E-01  0.000000000E+00
 0.141379605E+00 -0.283070204E-01  0.000000000E+00
 0.140381155E+00 -0.282793302E-01  0.000000000E+00
 0.139382722E+00 -0.282510316E-01  0.000000000E+00
 0.138384306E+00 -0.282221202E-01  0.000000000E+00
 0.137385908E+00 -0.281925914E-01  0.000000000E+00
 0.136387529E+00 -0.281624407E-01  0.000000000E+00
 0.135389169E+00 -0.281316636E-01  0.000000000E+00
 0.134390828E+00 -0.281002534E-01  0.000000000E+00
 0.133392508E+00 -0.280682006E-01  0.000000000E+00
 0.132394209E+00 -0.280354954E-01  0.000000000E+00
 0.131395931E+00 -0.280021280E-01  0.000000000E+00
 0.130397677E+00 -0.279680885E-01  0.000000000E+00
 0.129399446E+00 -0.279333672E-01  0.000000000E+00
 0.128401240E+00 -0.278979542E-01  0.000000000E+00
 0.127403058E+00 -0.278618398E-01  0.000000000E+00
 0.126404903E+00 -0.278250142E-01  0.000000000E+00
 0.125406775E+00 -0.277874675E-01  0.000000000E+00
 0.124408674E+00 -0.277491900E-01  0.000000000E+00
 0.123410602E+00 -0.277101718E-01  0.000000000E+00
 0.122412559E+00 -0.276704031E-01  0.000000000E+00
 0.121414546E+00 -0.276298733E-01  0.000000000E+00
 0.120416565E+00 -0.275885719E-01  0.000000000E+00
 0.119418616E+00 -0.275464882E-01  0.000000000E+00
 0.118420702E+00 -0.275036117E-01  0.000000000E+00
 0.117422822E+00 -0.274599316E-01  0.000000000E+00
 0.116424978E+00 -0.274154375E-01  0.000000000E+00
 0.115427172E+00 -0.273701188E-01  0.000000000E+00
 0.114429403E+00 -0.273239647E-01  0.000000000E+00
 0.113431675E+00 -0.272769647E-01  0.000000000E+00
 0.112433987E+00 -0.272291082E-01  0.000000000E+00
 0.111436341E+00 -0.271803847E-01  0.000000000E+00
 0.110438737E+00 -0.271307835E-01  0.000000000E+00
 0.109441179E+00 -0.270802946E-01  0.000000000E+00
 0.108443666E+00 -0.270289078E-01  0.000000000E+00
 0.107446200E+00 -0.269766128E-01  0.000000000E+00
 0.106448783E+00 -0.269233994E-01  0.000000000E+00
 0.105451415E+00 -0.268692575E-01  0.000000000E+00
 0.104454100E+00 -0.268141769E-01  0.000000000E+00
 0.103456837E+00 -0.267581472E-01  0.000000000E+00
 0.102459628E+00 -0.267011585E-01  0.000000000E+00
 0.101462475E+00 -0.266432003E-01  0.000000000E+00
 0.100465379E+00 -0.265842623E-01  0.000000000E+00
 0.994683418E-01 -0.265243283E-01  0.000000000E+00
 0.984713663E-01 -0.264633778E-01  0.000000000E+00
 0.974744548E-01 -0.264013900E-01  0.000000000E+00
 0.964776099E-01 -0.263383443E-01  0.000000000E+00
 0.954808340E-01 -0.262742200E-01  0.000000000E+00
 0.944841296E-01 -0.262089964E-01  0.000000000E+00
 0.934874993E-01 -0.261426527E-01  0.000000000E+00
 0.924909454E-01 -0.260751683E-01  0.000000000E+00
 0.914944706E-01 -0.260065225E-01  0.000000000E+00
 0.904980773E-01 -0.259366946E-01  0.000000000E+00
 0.895017684E-01 -0.258656633E-01  0.000000000E+00
 0.885055473E-01 -0.257934073E-01  0.000000000E+00
 0.875094174E-01 -0.257199050E-01  0.000000000E+00
 0.865133821E-01 -0.256451347E-01  0.000000000E+00
 0.855174446E-01 -0.255690750E-01  0.000000000E+00
 0.845216084E-01 -0.254917043E-01  0.000000000E+00
 0.835258767E-01 -0.254130012E-01  0.000000000E+00
 0.825302530E-01 -0.253329439E-01  0.000000000E+00
 0.815347407E-01 -0.252515111E-01  0.000000000E+00
 0.805393431E-01 -0.251686820E-01  0.000000000E+00
 0.795440641E-01 -0.250844378E-01  0.000000000E+00
 0.785489074E-01 -0.249987603E-01  0.000000000E+00
 0.775538768E-01 -0.249116308E-01  0.000000000E+00
 0.765589761E-01 -0.248230310E-01  0.000000000E+00
 0.755642090E-01 -0.247329425E-01  0.000000000E+00
 0.745695793E-01 -0.246413466E-01  0.000000000E+00
 0.735750908E-01 -0.245482251E-01  0.000000000E+00
 0.725807473E-01 -0.244535583E-01  0.000000000E+00
 0.715865552E-01 -0.243573099E-01  0.000000000E+00
 0.705925225E-01 -0.242594300E-01  0.000000000E+00
 0.695986572E-01 -0.241598685E-01  0.000000000E+00
 0.686049675E-01 -0.240585751E-01  0.000000000E+00
 0.676114615E-01 -0.239554996E-01  0.000000000E+00
 0.666181472E-01 -0.238505919E-01  0.000000000E+00
 0.656250328E-01 -0.237438017E-01  0.000000000E+00
 0.646321265E-01 -0.236350784E-01  0.000000000E+00
 0.636394388E-01 -0.235243660E-01  0.000000000E+00
 0.626469815E-01 -0.234116049E-01  0.000000000E+00
 0.616547664E-01 -0.232967356E-01  0.000000000E+00
 0.606628053E-01 -0.231796988E-01  0.000000000E+00
 0.596711100E-01 -0.230604347E-01  0.000000000E+00
 0.586796925E-01 -0.229388840E-01  0.000000000E+00
 0.576885644E-01 -0.228149873E-01  0.000000000E+00
 0.566977381E-01 -0.226886909E-01  0.000000000E+00
 0.557072263E-01 -0.225599481E-01  0.000000000E+00
 0.547170419E-01 -0.224287126E-01  0.000000000E+00
 0.537271976E-01 -0.222949381E-01  0.000000000E+00
 0.527377062E-01 -0.221585783E-01  0.000000000E+00
 0.517485806E-01 -0.220195869E-01  0.000000000E+00
 0.507598346E-01 -0.218779126E-01  0.000000000E+00
 0.497714890E-01 -0.217334687E-01  0.000000000E+00
 0.487835678E-01 -0.215861538E-01  0.000000000E+00
 0.477960950E-01 -0.214358662E-01  0.000000000E+00
 0.468090945E-01 -0.212825043E-01  0.000000000E+00
 0.458225903E-01 -0.211259664E-01  0.000000000E+00
 0.448366091E-01 -0.209661394E-01  0.000000000E+00
 0.438511969E-01 -0.208028318E-01  0.000000000E+00
 0.428664088E-01 -0.206358194E-01  0.000000000E+00
 0.418826736E-01 -0.204649436E-01  0.000000000E+00
 0.409018819E-01 -0.202903158E-01  0.000000000E+00
 0.399261646E-01 -0.201121277E-01  0.000000000E+00
 0.389575115E-01 -0.199305996E-01  0.000000000E+00
 0.379977680E-01 -0.197459834E-01  0.000000000E+00
 0.370486311E-01 -0.195585467E-01  0.000000000E+00
 0.361116504E-01 -0.193685711E-01  0.000000000E+00
 0.351882278E-01 -0.191763502E-01  0.000000000E+00
 0.342796196E-01 -0.189821891E-01  0.000000000E+00
 0.333869394E-01 -0.187864027E-01  0.000000000E+00
 0.325111545E-01 -0.185893090E-01  0.000000000E+00
 0.316530820E-01 -0.183912245E-01  0.000000000E+00
 0.308133946E-01 -0.181924606E-01  0.000000000E+00
 0.299926220E-01 -0.179933148E-01  0.000000000E+00
 0.291911549E-01 -0.177940696E-01  0.000000000E+00
 0.284092376E-01 -0.175949892E-01  0.000000000E+00
 0.276469701E-01 -0.173963158E-01  0.000000000E+00
 0.269043141E-01 -0.171982508E-01  0.000000000E+00
 0.261811089E-01 -0.170009211E-01  0.000000000E+00
 0.254770554E-01 -0.168044164E-01  0.000000000E+00
 0.247917305E-01 -0.166087992E-01  0.000000000E+00
 0.241246493E-01 -0.164141182E-01  0.000000000E+00
 0.234752916E-01 -0.162204114E-01  0.000000000E+00
 0.228430994E-01 -0.160277029E-01  0.000000000E+00
 0.222274763E-01 -0.158360015E-01  0.000000000E+00
 0.216277857E-01 -0.156452977E-01  0.000000000E+00
 0.210433541E-01 -0.154555598E-01  0.000000000E+00
 0.204734768E-01 -0.152667309E-01  0.000000000E+00
 0.199174140E-01 -0.150787309E-01  0.000000000E+00
 0.193743882E-01 -0.148914542E-01  0.000000000E+00
 0.188435880E-01 -0.147047688E-01  0.000000000E+00
 0.183241704E-01 -0.145185140E-01  0.000000000E+00
 0.178152604E-01 -0.143324995E-01  0.000000000E+00
 0.173159505E-01 -0.141465039E-01  0.000000000E+00
 0.168253020E-01 -0.139602693E-01  0.000000000E+00
 0.163423516E-01 -0.137734997E-01  0.000000000E+00
 0.158661036E-01 -0.135858629E-01  0.000000000E+00
 0.153955325E-01 -0.133969960E-01  0.000000000E+00
 0.149295791E-01 -0.132065144E-01  0.000000000E+00
 0.144671568E-01 -0.130139948E-01  0.000000000E+00
 0.140071735E-01 -0.128189251E-01  0.000000000E+00
 0.135487593E-01 -0.126207333E-01  0.000000000E+00
 0.130918258E-01 -0.124191468E-01  0.000000000E+00
 0.126364971E-01 -0.122139538E-01  0.000000000E+00
 0.121829286E-01 -0.120049007E-01  0.000000000E+00
 0.117312793E-01 -0.117917293E-01  0.000000000E+00
 0.112817094E-01 -0.115741978E-01  0.000000000E+00
 0.108343818E-01 -0.113520923E-01  0.000000000E+00
 0.103894597E-01 -0.111252015E-01  0.000000000E+00
 0.994711105E-02 -0.108933262E-01  0.000000000E+00
 0.950751030E-02 -0.106562839E-01  0.000000000E+00
 0.907083251E-02 -0.104138944E-01  0.000000000E+00
 0.863725263E-02 -0.101659991E-01  0.000000000E+00
 0.820694543E-02 -0.991246628E-02  0.000000000E+00
 0.778008571E-02 -0.965316652E-02  0.000000000E+00
 0.735684912E-02 -0.938798896E-02  0.000000000E+00
 0.693741217E-02 -0.911684225E-02  0.000000000E+00
 0.652195026E-02 -0.883963863E-02  0.000000000E+00
 0.611061603E-02 -0.855634152E-02  0.000000000E+00
 0.570354154E-02 -0.826696087E-02  0.000000000E+00
 0.530086114E-02 -0.797150389E-02  0.000000000E+00
 0.490275661E-02 -0.766990993E-02  0.000000000E+00
 0.450944689E-02 -0.736206517E-02  0.000000000E+00
 0.412119724E-02 -0.704780923E-02  0.000000000E+00
 0.373883287E-02 -0.672642433E-02  0.000000000E+00
 0.336355651E-02 -0.639681689E-02  0.000000000E+00
 0.299660721E-02 -0.605788684E-02  0.000000000E+00
 0.263952088E-02 -0.570853943E-02  0.000000000E+00
 0.229400612E-02 -0.534768300E-02  0.000000000E+00
 0.196186792E-02 -0.497423269E-02  0.000000000E+00
 0.164570019E-02 -0.458715994E-02  0.000000000E+00
 0.134849002E-02 -0.418546429E-02  0.000000000E+00
 0.107330111E-02 -0.376822205E-02  0.000000000E+00
 0.823711579E-03 -0.333504418E-02  0.000000000E+00
 0.603518834E-03 -0.288576947E-02  0.000000000E+00
 0.416759986E-03 -0.242060864E-02  0.000000000E+00
 0.268862545E-03 -0.194193203E-02  0.000000000E+00
 0.165755711E-03 -0.145288923E-02  0.000000000E+00
 0.110166250E-03 -0.956690901E-03  0.000000000E+00
 0.894556190E-04 -0.456835586E-03  0.000000000E+00
 0.863834558E-04  0.430919472E-04  0.000000000E+00

