979.50962415 -181.92272917 0.00000000
979.28176839 -181.82113522 0.00000000
978.59742788 -181.51516703 0.00000000
977.45716654 -181.00698841 0.00000000
975.86294062 -180.29701511 0.00000000
973.81572760 -179.38545647 0.00000000
971.31665341 -178.27663887 0.00000000
968.36788054 -176.97000127 0.00000000
964.97151330 -175.47008050 0.00000000
961.13125498 -173.77868456 0.00000000
956.85018737 -171.90055957 0.00000000
952.13103716 -169.83730533 0.00000000
946.97884141 -167.59408362 0.00000000
941.39688943 -165.17466091 0.00000000
935.39140260 -162.58342554 0.00000000
928.96525645 -159.82610044 0.00000000
922.12565084 -156.90728340 0.00000000
914.87860168 -153.83234163 0.00000000
907.22935346 -150.60545826 0.00000000
899.18448591 -147.23416533 0.00000000
890.75196811 -143.72424650 0.00000000
881.93879458 -140.08127745 0.00000000
872.75195982 -136.31083384 0.00000000
863.20118283 -132.42009291 0.00000000
853.29324949 -128.41561090 0.00000000
843.03885758 -124.30477146 0.00000000
832.44520995 -120.09217270 0.00000000
821.52377342 -115.78638617 0.00000000
810.28252098 -111.39319698 0.00000000
798.73389825 -106.92138313 0.00000000
786.88608463 -102.37575093 0.00000000
774.75152755 -97.76508059 0.00000000
762.34113301 -93.09577920 0.00000000
749.66657728 -88.37543985 0.00000000
736.73876619 -83.61047163 0.00000000
723.57133345 -78.80888151 0.00000000
710.17399777 -73.97784970 0.00000000
696.56157790 -69.12461283 0.00000000
682.74672937 -64.25697551 0.00000000
668.74133508 -59.38155008 0.00000000
654.55902924 -54.50634858 0.00000000
640.21267435 -49.63819188 0.00000000
625.71708663 -44.78432136 0.00000000
611.08590170 -39.95274521 0.00000000
596.33177231 -35.15126573 0.00000000
581.47070399 -30.38635139 0.00000000
566.51458046 -25.66461663 0.00000000
551.47976153 -20.99567415 0.00000000
536.37952415 -16.38439146 0.00000000
521.22945918 -11.83919237 0.00000000
506.04263625 -7.36592206 0.00000000
490.83562150 -2.97321547 0.00000000
475.62127842 1.33210643 0.00000000
460.41602710 5.54552956 0.00000000
445.23329165 9.65806647 0.00000000
430.08928693 13.66422617 0.00000000
414.99785080 17.55697770 0.00000000
399.90079738 21.34153369 0.00000000
384.82947459 24.98260406 0.00000000
369.84858487 28.46234684 0.00000000
354.97238684 31.77568678 0.00000000
340.21729869 34.91811100 0.00000000
325.59918202 37.88727265 0.00000000
311.13326783 40.67788670 0.00000000
296.83387610 43.28997745 0.00000000
282.71819738 45.71784678 0.00000000
268.79957100 47.96172662 0.00000000
255.09385425 50.01926755 0.00000000
241.61536699 51.89049288 0.00000000
228.37898816 53.57326361 0.00000000
215.39826530 55.06878826 0.00000000
202.68849397 56.37688301 0.00000000
190.26322293 57.49875825 0.00000000
178.13481370 58.43485225 0.00000000
166.31820639 59.18812355 0.00000000
154.82597114 59.75999099 0.00000000
143.66892891 60.15326386 0.00000000
132.86083596 60.37013223 0.00000000
122.41292811 60.41536276 0.00000000
112.33679683 60.29058172 0.00000000
102.64249293 59.99978539 0.00000000
93.34146193 59.54872190 0.00000000
84.44333788 58.93943137 0.00000000
75.95740151 58.17709812 0.00000000
67.89195589 57.26711377 0.00000000
60.25684347 56.21249703 0.00000000
53.05938777 55.01884808 0.00000000
46.30670682 53.69078820 0.00000000
40.00570725 52.23196039 0.00000000
34.16350624 50.64698703 0.00000000
28.78428677 48.94111161 0.00000000
23.87495471 47.11797924 0.00000000
19.43927939 45.18087792 0.00000000
15.48046138 43.13526098 0.00000000
12.00380951 40.98204451 0.00000000
9.01036274 38.72611971 0.00000000
6.50290787 36.37098343 0.00000000
4.48361056 33.91719838 0.00000000
2.95407240 31.36748908 0.00000000
1.91275319 28.72423053 0.00000000
1.36202375 25.98896134 0.00000000
1.30370856 23.19912090 0.00000000
1.74179668 20.39271041 0.00000000
2.67356060 17.57133176 0.00000000
4.09704418 14.73540168 0.00000000
6.01049838 11.88631265 0.00000000
8.41042756 9.02685332 0.00000000
11.29368943 6.15666922 0.00000000
14.65559926 3.27777808 0.00000000
18.49245484 0.39198881 0.00000000
22.79957262 -2.49867897 0.00000000
27.57129006 -5.39200118 0.00000000
32.80271817 -8.28693709 0.00000000
38.48721782 -11.18105438 0.00000000
44.61891836 -14.07310457 0.00000000
51.19020506 -16.96044723 0.00000000
58.19499885 -19.84281246 0.00000000
65.62491386 -22.71637272 0.00000000
73.47268590 -25.58162945 0.00000000
81.72951245 -28.43671027 0.00000000
90.38777670 -31.27897556 0.00000000
99.43748826 -34.10732198 0.00000000
108.87019880 -36.92302241 0.00000000
118.67556321 -39.72183327 0.00000000
128.84394936 -42.50579588 0.00000000
139.36655066 -45.27303847 0.00000000
150.23100835 -48.02400160 0.00000000
161.42712250 -50.75856141 0.00000000
172.94392879 -53.47540965 0.00000000
184.77060312 -56.17735730 0.00000000
196.89540881 -58.86191087 0.00000000
209.30536125 -61.53244258 0.00000000
221.98949315 -64.18764387 0.00000000
234.93600357 -66.83011946 0.00000000
248.13036830 -69.46087066 0.00000000
261.56238940 -72.07977381 0.00000000
275.21614808 -74.68958002 0.00000000
289.08025931 -77.29093676 0.00000000
303.14117644 -79.88505367 0.00000000
317.38493704 -82.47509660 0.00000000
331.79701381 -85.06206753 0.00000000
346.36406852 -87.64619751 0.00000000
361.07213558 -90.23065408 0.00000000
375.90690028 -92.81545907 0.00000000
390.90294997 -95.41103192 0.00000000
406.07247651 -97.99849662 0.00000000
421.32744575 -100.55913958 0.00000000
436.65591381 -103.09144402 0.00000000
452.03923442 -105.59655917 0.00000000
467.46385804 -108.07569333 0.00000000
482.91448998 -110.52866377 0.00000000
498.37387853 -112.95486991 0.00000000
513.82749647 -115.35531272 0.00000000
529.26025744 -117.72883190 0.00000000
544.65644842 -120.07719667 0.00000000
560.00021172 -122.39806161 0.00000000
575.27583530 -124.69319605 0.00000000
590.46843916 -126.96046191 0.00000000
605.56391404 -129.19890211 0.00000000
620.54459014 -131.40987510 0.00000000
635.39677476 -133.59046966 0.00000000
650.10635855 -135.73972972 0.00000000
664.65783630 -137.85845191 0.00000000
679.03555825 -139.94330714 0.00000000
693.22716256 -141.99473668 0.00000000
707.21679096 -144.01039100 0.00000000
720.99054231 -145.98833746 0.00000000
734.53528462 -147.92783031 0.00000000
747.83788501 -149.82812268 0.00000000
760.88248621 -151.68686519 0.00000000
773.65832912 -153.50177267 0.00000000
786.15228099 -155.27209728 0.00000000
798.35023134 -156.99688385 0.00000000
810.24065187 -158.67266132 0.00000000
821.81215861 -160.30007628 0.00000000
833.05203555 -161.87642475 0.00000000
843.94910795 -163.40137683 0.00000000
854.49282219 -164.87166849 0.00000000
864.67179652 -166.28794454 0.00000000
874.47527175 -167.64792083 0.00000000
883.89423507 -168.95070237 0.00000000
892.91772016 -170.19498068 0.00000000
901.53748525 -171.38104889 0.00000000
909.74395638 -172.50585048 0.00000000
917.52868662 -173.57065448 0.00000000
924.88384864 -174.57380060 0.00000000
931.80161873 -175.51362292 0.00000000
938.27452523 -176.39160155 0.00000000
944.29669938 -177.20648920 0.00000000
949.86031614 -177.95662282 0.00000000
954.96006876 -178.64291772 0.00000000
959.59106695 -179.26433604 0.00000000
963.74702628 -179.82158575 0.00000000
967.42521923 -180.31306499 0.00000000
970.62131755 -180.73989847 0.00000000
973.33043201 -181.10104745 0.00000000
975.55255975 -181.39651063 0.00000000
977.28239689 -181.62720461 0.00000000
978.51938041 -181.79096671 0.00000000
979.26211499 -181.88954463 0.00000000
979.50962415 -181.92272917 0.00000000
